# className CriteriaWLTMMC
# lnz -8.14
# beta 0.4009078729
# collect 1
# tmmc 1
# nSweep 0
# wlFlat 0
# lnf 1
# gwlmod 0.5
# mType nmol
# mMin -0.5
# mMax 320.5
# nBin 321
# lnfCollect 1e-06
# lnfTMMC 1e-99
# wlFlatFactor 0.8
# nSweepVisPerBin 100
# macrostate(nmol) lnPi(m) pe pe_stdev colMat(m-1) colMat(m) colMat(m+1) h peNvalues peSum1 peSum2 peBlockStdev lnPIstd
0 -8.141490346378459364 -2.51274e-14 7.71274e-13 0 2174075 241155 240376 2415229 -6.0688454865567668939e-08 1.4382552070707083326e-18 1.5944408822297012376e-14 -8.1341367736047938131 -8.1535485161553165057 -8.1369086284220508709 0.01049908560903365512
1 -6.0788457880589330529 -0.000640187 5.60639e-11 30609.077629662967635 2142455.9638588383766 238547.95851150194706 475981 2411613 -1543.8830253300227114 0.98837367185456467545 0 -6.07230535385952086 -6.0915945212843589651 -6.0727673033371925015 0.011005676663279733915
2 -4.6961845712339118641 -0.0617451 0.246186 59718.466770885878233 2111580.7256502048533 234850.80757890842791 467305 2406150 -148567.9789954606033 155004.66186345416131 0.0005707879509377514031 -4.6877800755070562211 -4.7089317977725002606 -4.691952252888434316 0.011203476866140579804
3 -3.7133820035153437544 -0.181861 0.421016 87740.660785375266798 2082244.0340447533051 231928.30516987199549 460277 2401913 -436813.52545828325972 505187.97239248418856 0.00073012824436098156325 -3.7086817506225258079 -3.7222829256023146627 -3.7092736690033194513 0.007687469083617276891
4 -3.0098474727997723832 -0.362868 0.598769 114924.6031089575601 2062486.9019443496384 227824.49494669309087 452887 2405236 -872784.02410181976029 1179041.9254102585006 0.0011748392184193694014 -3.0053142826229657381 -3.0204776429803086302 -3.0038155638728967212 0.0092177232854943717821
5 -2.5233232509445642222 -0.601452 0.769719 140200.10034350424222 2042594.4916843032379 224894.40797219259444 445053 2407689 -1448108.8698828726089 2297443.4221822068271 0.0012430027160333346169 -2.5191193631336239456 -2.533109209799091488 -2.517793514629522722 0.0084857154727821324652
6 -2.2129492680279456707 -0.900408 0.935013 164362.54565314247778 2014197.1841603021295 221479.27018655536293 438334 2400039 -2161014.7280712799397 4044025.459692691242 0.0020216624925194172022 -2.20471714694625609 -2.2213599485115125276 -2.2128228526389555064 0.0083223325521152215906
7 -2.0491141805897763462 -1.26039 1.10689 187897.98054148335467 1992557.4154651278401 218156.60399338879732 431784 2398612 -3023179.8081985514075 6749192.3173786867096 0.0025643523167609171866 -2.0440134938221983241 -2.0539026178233754649 -2.0494824939259994601 0.0049538239592352359408
8 -2.009506536973118429 -1.67804 1.27381 209137.30959357781592 1981348.3199958664026 201863.370410555788 425058 2392349 -4014456.8021990417399 10618222.910778658179 0.0030354840688365343146 -2.0065380648188688717 -2.0113042769184046321 -2.0107340224985370547 0.0026028199043518721739
9 -2.0810621983727228823 -2.1511 1.44391 216868.44927547692458 1989514.5484119842575 186311.00231253883142 418378 2392694 -5146934.4272186439025 16060031.899332536547 0.0026670777712540479423 -2.0778638924359307261 -2.0808570674487310015 -2.0845196541328712136 0.0033334867041291114421
10 -2.2487255625305477835 -2.69046 1.61346 219614.77477435304453 1993031.986517090927 172389.23870855602163 412431 2385036 -6416832.7352722966393 23473031.529320920255 0.0048566943151695310399 -2.2538903372721796892 -2.2421289790104097506 -2.250236444891956733 0.0060195719768084418946
11 -2.5060929859842779877 -3.28516 1.78151 223674.58030922403078 2007856.4687195106029 160837.95097126536055 407045 2392369 -7859306.1603810829783 33411916.930991666228 0.0042775525014256861323 -2.5177357961545969722 -2.4940820454117211824 -2.5065298613957547325 0.011832307613826283446
12 -2.8419203432705888446 -3.94148 1.94215 225526.96083139436652 2021095.1879111309094 151051.85125747472472 401725 2397674 -9450372.607794286705 46292339.037316002323 0.0046942650582355999189 -2.8546436256035341295 -2.8292606778073254858 -2.8419179575443496155 0.012691489252836132481
13 -3.2527557626443757144 -4.66407 2.10376 227280.90551718505746 2023319.9719886022943 141632.12249421264082 396664 2392233 -11157537.047227273208 62627040.552286649232 0.004981265029978388173 -3.2624368747329977047 -3.2420905218716740137 -3.2537888950907345453 0.010211215750580872677
14 -3.7354833526008563993 -5.42802 2.26655 230067.08000056516546 2033649.3600712639784 134289.55992817085799 391500 2398006 -13016430.388681953535 82972635.158315526416 0.0066231615369478618466 -3.7411561155256003453 -3.7279636136477289909 -3.7373865234207737096 0.006795135012546697946
15 -4.2720759882239307537 -6.25464 2.43822 230210.53845299717749 2046014.9045708681684 127550.55697613464629 386604 2403776 -15034751.194574588927 108327147.10614345901 0.0073827108150865692129 -4.2824807001577069876 -4.2615291011652423059 -4.2722820845076370233 0.010477021780166882042
16 -4.8679514293048038454 -7.15174 2.60723 231632.33309303176314 2052512.1046497458775 121466.56225722235286 381862 2405611 -17204310.24018490886 139393332.90105889573 0.0081272880045740892446 -4.8826762405088093288 -4.8496468883986816323 -4.8716400292869876942 0.016814846143980897997
17 -5.5160896298488015788 -8.0978 2.77114 230855.22644210385107 2045544.6991527399962 114853.07440515614801 375799 2391253 -19363892.728481632013 175167873.37411177091 0.0090460925949544575969 -5.5342011674261275544 -5.5000632257069521636 -5.5141155248740996164 0.017157598964888859383
18 -6.2146776415825750739 -9.09878 2.93701 231304.05944297359534 2053513.7946768276664 110004.1458801987507 369892 2394822 -21789953.707435901893 218919772.80631987692 0.006484800406134859016 -6.2350412699304076369 -6.2034738028384395214 -6.2056315926577658715 0.017635618091437651328
19 -6.960029170836322443 -10.1581 3.0787 232103.65430816328821 2059958.3360394056297 105910.00965243109238 365889 2397972 -24358888.726760356825 270169368.32738776901 0.0082606541316066900427 -6.9743717055425893392 -6.9532393024823551109 -6.9525811448735872489 0.012395161454408717278
20 -7.7472969514338816399 -11.2746 3.23804 232614.56777255843433 2063710.2163881724522 100509.21583926912061 360942 2396834 -27023255.072201679905 329805928.59139627658 0.010712212126865201106 -7.7669492434260832825 -7.7373039372088530108 -7.7377342905679755702 0.0169928556319304154
21 -8.5858738645567136416 -12.4394 3.39123 233992.08810262237763 2080401.4706487046429 97976.441248672997617 357254 2412370 -30008448.650841927574 401030578.46073983773 0.012810330279347199867 -8.6142801431943930579 -8.5736559734258781518 -8.569767826794437604 0.0246535567577783922
22 -9.4590512200095218098 -13.6769 3.55864 236366.38980110735241 2099033.3328684245178 95079.277330468141621 355158 2430479 -33241484.001721740222 485420790.39303973943 0.011630007451367234753 -9.485676365527254017 -9.4511418190927574123 -9.4404299400885194338 0.023645359883466159079
23 -10.371130291335478368 -14.969 3.7286 235614.39083917818917 2092611.8962839501343 91113.712876871681708 350352 2419340 -36215084.979288816034 575738177.31788771716 0.014765328337284283275 -10.393594855308752045 -10.365520707588620652 -10.354428229505736159 0.020187559771185088764
24 -11.320887295964933372 -16.329 3.87426 235647.8384755093355 2096748.7325038024052 88088.429020688257346 344149 2420485 -39524162.527169718207 681722276.26655154891 0.013305133720790607993 -11.339154503682411956 -11.320249298253871828 -11.303402858326974556 0.017885699484434507828
25 -12.300164345051419978 -17.7126 4.02938 234166.7368262199885 2096899.6852087586109 85585.577965021403436 340068 2416652 -42805158.283482026203 797426498.44259425974 0.016815969001449118658 -12.318497296784108652 -12.299350331677940673 -12.282790647334925982 0.017868940619126524177
26 -13.313029085165476673 -19.1899 4.19893 237111.62731073167733 2111217.9889921456099 83229.383697122733594 337244 2431559 -46661419.386545527068 938299649.27824900212 0.01890447807910979397 -13.324056920263005477 -13.31629739867169171 -13.298881593086941511 0.012892617771900666962
27 -14.356965965401915497 -20.7005 4.34287 236548.58544664339919 2115559.7482642465425 80949.666289110066643 333240 2433058 -50365568.818937101736 1088482341.9005811787 0.016953614845355631513 -14.36616978463934613 -14.361407903375831729 -14.343459155146491835 0.011976405749853102217
28 -15.432326621908497799 -22.2654 4.49157 236759.53171929834211 2112718.4238891154812 78371.044391586172125 328313 2427849 -54056948.167017990832 1252577647.4355280531 0.015001145266266007958 -15.437316895538193418 -15.437583201513561448 -15.42222850853183802 0.0087891688819412925465
29 -16.535877673078731576 -23.9133 4.64907 235493.6534926761843 2108430.9492505607291 75873.397256763067837 322871 2419798 -57865395.758820696316 1436054682.7374163544 0.016724133568951821821 -16.543330360037831195 -16.545999286411092299 -16.518510234394595759 0.015159209443469920386
30 -17.668372053189125737 -25.5705 4.78651 235370.58257995724475 2109641.9660070233747 73819.451413019373582 318047 2418832 -61850651.277255681176 1636966735.3105248112 0.022625325700212691599 -17.671716156374571494 -17.684339628758698026 -17.649238158558763434 0.017779790264413536383
31 -18.831135038866003484 -27.3269 4.92627 235873.70911194009402 2108451.5403515163721 71874.750536543549522 313448 2416200 -66027312.561621109799 1862959869.1357533488 0.016840182070339083931 -18.827796379246577896 -18.848850842444409892 -18.816938577780244035 0.016225365476629116657
32 -20.014082760313785414 -29.1239 5.06636 235050.20450610433144 2115957.8096142453858 69850.985879650283508 308813 2420859 -70504926.620088727803 2115519155.0108550014 0.020108436476213447514 -20.005877409785518761 -20.037794956377096511 -19.998788294874281224 0.020778614696609697815
33 -21.229142109221264434 -30.9769 5.21072 235361.14718617938651 2116312.3843832155374 68453.468430605079988 305040 2420127 -74968007.383323268179 2387986079.7206655093 0.016994431225459821766 -21.222516192566583282 -21.251317653155307852 -21.213795033990372918 0.019636401945755301707
34 -22.465688518190958689 -32.8853 5.35928 236654.06342159183849 2125929.3750055266182 66997.561572881550433 301694 2429581 -79897519.699431638117 2697236671.8410813289 0.020460128110030492699 -22.458763112665259154 -22.485787650435188567 -22.452714299393259356 0.017610415162160546199
35 -23.728837089835439045 -34.8673 5.50909 237060.32163726632004 2127705.2026008661935 66054.475761867505327 298647 2430820 -84756189.525395403682 3028997097.0158515263 0.02196136799944401613 -23.719682743800861058 -23.753173022808228509 -23.71385673547428441 0.021218355307158768414
36 -25.002973230508215963 -36.9003 5.67603 235225.45031280100724 2121486.9789139972866 64230.570773201730137 294020 2420943 -89333577.881760446769 3374434041.5705672398 0.02040328422668167066 -24.998437291917496861 -25.023991633150062697 -24.986691995714908732 0.019071091963565097588
37 -26.300815663246536857 -38.9838 5.81229 233470.57486482204067 2107622.1637289613236 62324.261406216641657 287876 2403417 -93694236.615745573967 3733747623.2021925824 0.027035758243642928761 -26.294389635219534096 -26.32306057472581351 -26.285213029519662431 0.019742802662943734898
38 -27.625038362108911727 -41.1149 5.96303 233661.83641062943485 2102664.7955330173434 60613.368056353224841 282057 2396940 -98549951.267830520999 4137101230.546094984 0.029838454065830435219 -27.616557280182817191 -27.646888994706342757 -27.611873668666503168 0.019008867137683543858
39 -28.969391547264839559 -43.2762 6.10805 230889.98118575897632 2090297.1177510301154 59205.901063210908166 276927 2380393 -103014371.40548892833 4546879112.8996581878 0.032492641528247261096 -28.963770441985136284 -28.992713922223769529 -28.951924438724854216 0.020983464941814359422
40 -30.328885732458646274 -45.5231 6.25063 230113.40196526189402 2087931.3847627990826 57727.213271939035991 272047 2375772 -108152558.05948126246 5016264336.5088434452 0.026683533920428083308 -30.320985815571734445 -30.348609126429847649 -30.317323272258330125 0.017103928389284286243
41 -31.713278032595015432 -47.8172 6.36229 230027.80606622207846 2084974.3293979864685 56210.864535791460892 266815 2371214 -113384912.70588107516 5517737472.0343320984 0.025763083804334778459 -31.703680229728529394 -31.734660327818096093 -31.701746639402904382 0.018469867954513378983
42 -33.12161908538423738 -50.2084 6.50015 230086.36392579219428 2088241.7091384994241 55265.926935708384168 262877 2373594 -119174471.68430988535 6083854092.0651068487 0.032754815707605230979 -33.107202151647772137 -33.147491806813180304 -33.110480266804993565 0.022375047280472026151
43 -34.54461192195157615 -52.5961 6.65723 231351.02003768202178 2108023.5132632487639 55167.466699069195894 261223 2394542 -125943455.82995852767 6730251673.496179875 0.037093228732286584459 -34.536752170863820322 -34.572882743334323763 -34.524535512802378978 0.025140006963072086821
44 -35.980471119766994192 -55.0453 6.78893 231724.39991832233582 2107427.6137667101036 53752.986314967569239 258246 2392905 -131718233.57428981447 7360760952.9699484133 0.040129778782099272127 -35.975114710925644612 -36.004454013531239198 -35.962196295938076762 0.021654078984091430088
45 -37.442729350507812924 -57.6021 6.92805 232525.42161072106532 2112876.0464019196784 53114.531987359269873 254432 2398516 -138159464.4691446194 8073393444.4051857772 0.033791137295112308458 -37.437062335692537385 -37.463423349175409172 -37.42804847859687678 0.018382664477985907747
46 -38.919364507575329171 -60.1636 7.06714 232193.2235299574315 2110746.2324488714851 51943.544021171102905 250570 2394883 -144084671.55751899972 8788256919.6927079456 0.039679128693424728369 -38.919960344122447093 -38.9364109994176264 -38.902042924794737022 0.017189253088698286387
47 -40.411683380096617313 -62.8196 7.20781 228520.78372619783528 2089954.7284144427408 50565.487859359439994 244911 2369041 -148822326.02371640952 9472044176.6248367047 0.043247317767855758541 -40.412953261040363895 -40.429200689536882507 -40.393215128486739562 0.018020975807869085705
48 -41.919680091445306047 -65.4753 7.32721 227666.46707489637187 2083895.4420922829826 49475.09083282064627 240111 2361037 -154589621.14393330994 10248562076.735957013 0.045379835370709491194 -41.922008542401463682 -41.935662667800668757 -41.901687201926302695 0.017096414344682210606
49 -43.446393935156256916 -68.223 7.49734 228678.44884840413742 2093024.420704939097 49114.130446656769273 237052 2370817 -161744192.68824018203 11167933958.233402615 0.050203858098613947381 -43.45158984043273831 -43.465635016089597897 -43.422290473084830698 0.022115112826069906193
50 -44.985111599255580117 -71.0214 7.64464 229883.63239685470376 2103486.1279995505427 48637.239603594772269 234675 2382007 -169173553.2999324445 12154153919.236858252 0.031715241567460292216 -44.995887934777442307 -45.001321576755534792 -44.958457192919811352 0.023337881587904209246
51 -46.533756147038586093 -73.9112 7.7258 227244.55482398680074 2090541.7862700978962 47587.658905915312832 230968 2365374 -174827544.93513576122 13062891698.259168606 0.029264683407931642994 -46.541892691167454199 -46.552612804604761365 -46.507111984571830821 0.023787051832968565679
52 -48.099741482172182927 -76.804 7.81597 225513.16117579868104 2069942.366050816205 45960.472773385127525 225450 2341416 -179830210.50401188609 13954722372.843455425 0.041829705326685180655 -48.115066041969832167 -48.112858823239092132 -48.071652157451078669 0.02445276565391596435
53 -49.686156901147056075 -79.7518 7.97557 227125.28494502688287 2094989.6678906348491 45920.047164338265979 221282 2368035 -188855022.94547469095 15212155444.382203499 0.04102053814618898675 -49.706898426056475682 -49.69623647636922037 -49.65571743524869186 0.02700297417610626749
54 -51.285826974241699006 -82.7849 8.11551 224807.04529353521302 2071898.0468728783658 44652.907833586439747 217921 2341358 -193829135.89709292218 16200334917.989542845 0.040284072197027717688 -51.312500796778777623 -51.288183691279149556 -51.257199233659451298 0.027717687236580169918
55 -52.897973848927042795 -85.8357 8.22981 223313.50074119005481 2068307.0347197940328 43915.464539015897568 213916 2335536 -200472256.97836499613 17365852201.239409842 0.038295697439202178169 -52.922298785043636382 -52.899673137799331002 -52.872363992131783395 0.025003975983569189101
56 -54.52622123749820382 -88.9587 8.3946 225632.19453176131452 2085790.6688441904249 43796.136624048247942 211905 2355219 -209517169.77489958273 18804341012.116977217 0.054656532602568010104 -54.541843780226194394 -54.535293154744847399 -54.501987244401414845 0.021372637522178987435
57 -56.160496860141106978 -92.1061 8.53129 224846.91751049413718 2091088.7346517778818 43051.347837727989766 209694 2358987 -217277102.50681447318 20184241389.068713134 0.056912069783528584921 -56.172949270901575414 -56.17948404381625771 -56.129590898526752429 0.027116961658657515871
58 -57.814979522092015074 -95.3653 8.66563 225081.55485520856359 2090881.7260897718013 42048.719055019647378 205736 2358012 -224872522.33489089498 21622106245.085930701 0.049551928221891576587 -57.829751418253763529 -57.829708321754784706 -57.786013755876221243 0.025239519456603839997
59 -59.491206667423581322 -98.6578 8.78095 224660.5818699675058 2090256.8492840117871 41997.568846020721743 202836 2356915 -232528056.66805045717 23122437247.933013909 0.04865562663953221928 -59.513704750215559169 -59.50377665108567804 -59.456700233939687283 0.030452890068954810432
60 -61.169730015156117631 -101.978 8.90441 224018.09531562723858 2081389.3482324698494 41140.556451902905906 199785 2346548 -239295506.49886210779 24588853442.881584682 0.053292202763196398763 -61.194119136688271521 -61.173862848003038195 -61.141789945756402691 0.026386020649342346867
61 -62.860510583512590799 -105.376 9.01082 221698.11775416176978 2069208.6784382836425 40535.203807554595855 195839 2331442 -245677578.21447658414 26077773642.574739099 0.045664510642700724408 -62.882976118032224644 -62.850180146824220273 -62.849047011759646697 0.019270201429943272647
62 -64.559189969826681121 -108.849 9.11953 220586.2984461304498 2060656.6305759510092 39589.070977918534741 191684 2320832 -252619878.57562336209 27690395237.893317124 0.054107211270333001318 -64.587149882147925961 -64.549028963084053245 -64.542066156427262857 0.024270103227750236541
63 -66.277493643420525515 -112.337 9.20516 218901.44002004169337 2044263.282873926817 38633.277106031507358 187023 2301798 -258577473.89813431587 29242904589.437855097 0.069617662768055213474 -66.30784225931640874 -66.26914987140528801 -66.256166581872153021 0.026882591389080931488
64 -68.008119862541233758 -115.911 9.3529 216509.89216104712169 2031192.0286026772601 37802.07923627563023 182371 2285504 -264914820.29018373573 30906442963.950111415 0.068017382545057597509 -68.03814073824260289 -67.998214314635125888 -67.988687948606193689 0.026237534701903580253
65 -69.748584089032261701 -119.5 9.47877 215145.1376649592288 2029692.9770205086206 37204.88531453216633 178753 2282043 -272704964.6922127507 32793376978.531395085 0.070060099638873149508 -69.781145423270600769 -69.741813271784137029 -69.723485721676903726 0.029460590697166093993
66 -71.502510971068188539 -123.202 9.59554 216285.88941578661412 2042811.9632120969253 37216.147372116475974 176626 2296314 -282909558.42658098225 35066341980.470786475 0.063349837644556553085 -71.536698422758767446 -71.49840349984186183 -71.473135415418499239 0.032003211082180627045
67 -73.261002055184944126 -126.939 9.73928 212141.92094230380098 2007397.4934568702404 35859.585600825973373 172914 2255399 -286298551.36175553122 36556442595.88560652 0.051841670926373276118 -73.305651009862742296 -73.255761932077467335 -73.222355494416506705 0.041918677326802551708
68 -75.039587490179995299 -130.793 9.83414 213274.52415773041361 2016595.4446769684376 35438.031165301159437 168893 2265308 -296285886.8404904315 38971127405.507805992 0.054283944047259086174 -75.09549354810079036 -75.024889228462134483 -74.999156840791189271 0.049879666720733156771
69 -76.830979519155944146 -134.626 9.94403 213665.22292587899494 2028276.4874285674869 35251.289645553539557 166310 2277193 -306570194.85078180212 41497605249.080979619 0.084713554959314707471 -76.889517316881565545 -76.820715995374944995 -76.783487514190769563 0.053792658584467953342
70 -78.628754828592745341 -138.443 10.0755 210223.77025589069186 2005152.6118135204171 34417.617930588902535 162843 2249794 -311467613.5851574183 43348814061.753159016 0.073397857934879018327 -78.697719169006119966 -78.623656748926228133 -78.565797072736361262 0.066126676005086870713
71 -80.440783371646118027 -142.435 10.1381 208488.49420663132554 1983728.3431134025197 33603.162679966175862 159118 2225820 -317034982.57181441502 45385696076.332429372 0.061082772280369762585 -80.508766080219728689 -80.443165854413541282 -80.371331073274733914 0.068741067962465554619
72 -82.263145739142741419 -146.42 10.2454 209328.21131358534693 1998711.2612731985134 33238.527413216148364 156193 2241278 -328168853.62859317099 48285880999.827044182 0.055753059034647355074 -82.32611020333737839 -82.265151076239567018 -82.19908824970618122 0.063528063246663130093
73 -84.104423977142785063 -150.451 10.3262 207437.89744864618683 1978471.2644172659493 32721.838134087873339 153463 2218631 -333794260.71433122343 50456104749.180207133 0.053675125397670865601 -84.164910093204155839 -84.114365999263005946 -84.034982520437397913 0.065495058722839616383
74 -85.947072467205130053 -154.546 10.4251 208667.34411119528185 1999892.8369306738912 32480.818958130836554 151221 2241041 -346343461.28585629133 53769488982.870935567 0.048895105366938633462 -86.02878979386205982 -85.95012986468318239 -85.863559667580249712 0.082646615282476437736
75 -87.807025814228579108 -158.75 10.5657 208039.31262295244096 1994486.1397102637471 32079.547666783819279 149163 2234605 -354743628.6827255153 56565022736.676954526 0.063018108903787090069 -87.894900162849239234 -87.809525427497240102 -87.717869520514272441 0.088533890906796447462
76 -89.673546344987682843 -162.998 10.7213 209488.65467343798862 2015390.2197220787913 32027.125604483220894 147396 2256906 -367871336.92784998092 60221745495.663389172 0.049002556425733791168 -89.76618542211446039 -89.683170953775492862 -89.572597737040512644 0.097120226193905451195
77 -91.553421898283998459 -167.227 10.8124 211220.21198686022784 2028673.5607338447401 31599.227279295062083 145550 2271493 -379855870.33904259061 63787864493.252684075 0.049723593576608215994 -91.653807451433265907 -91.566963433188140797 -91.440829497973867834 0.107091286417274556
78 -93.446968507091751732 -171.691 10.9071 209610.58291323857421 2027129.3408762198762 31512.076210541554303 143519 2268252 -389439286.93784017727 67133203969.128272027 0.055696954770568574133 -93.549265265963853277 -93.460876313634051016 -93.332087807344907393 0.10921319729056765124
79 -95.341334722578990224 -175.958 11.0179 209767.04144585012668 2030090.3418531779939 31255.616700971887902 142001 2271113 -399621215.03915588316 70592372727.317720719 0.087305114625760640856 -95.453157583088383387 -95.353139555495010526 -95.219037639478232737 0.11747274698886402133
80 -97.242394394260854185 -180.353 11.0662 208960.27329099283808 2029145.3938577963808 30477.332851210799646 139236 2268583 -409146180.41024639629 74068632509.983278267 0.080088553191680594834 -97.346365467390881587 -97.250862516074766617 -97.131309560093443967 0.10775184936054602036
81 -99.162742811575567359 -184.805 11.2286 209437.0489727543016 2044972.6316696236253 30318.319357622062 136591 2284728 -422229105.17110555319 78318103137.004342422 0.10277785299527285312 -99.268731775201217271 -99.18162884824422143 -99.039308421869736154 0.11581385832948334902
82 -101.09217829060649585 -189.367 11.3014 209026.74719651209941 2048565.673190672795 30049.579612815107362 135160 2287642 -433204981.33319757361 82327113106.130808145 0.10882504719179786346 -101.18521641316971182 -101.1136792898077541 -100.97907988060124973 0.10466361278259758705
83 -103.03097045716336133 -193.905 11.3517 209239.03107492712175 2052786.0905647614421 29821.878360311443956 133392 2291847 -444401489.72347179186 86467172545.962421395 0.087612583582231298718 -103.11676443516991197 -103.04721783426241721 -102.93043645170044664 0.094156552635688575692
84 -104.97843066391196309 -198.481 11.4831 208210.14549142270457 2045009.034254219737 29125.820254357582121 130823 2282345 -453001055.3595515682 90212847676.032372944 0.099566105351620873276 -105.0682716848781264 -104.98569589741865649 -104.88288205082999349 0.092878741856797980558
85 -106.93810807384454442 -203.25 11.5833 205950.15628801299424 2039604.0239142734629 28433.819797713545373 127373 2273988 -462187994.75385743615 94244805352.378621586 0.10558008504154953178 -107.03005070293404755 -106.94509921779157047 -106.84076657806798716 0.094807290910859917665
86 -108.91815482108256496 -208.056 11.6974 204934.57760448778882 2030044.0777094342388 27814.344686077965374 123675 2262793 -470788789.61071191137 98260280709.508326463 0.093672510302416425731 -109.01490879994803107 -108.93059169510060791 -108.81064246680706953 0.10264983064739781338
87 -110.91361643896239109 -212.835 11.781 204871.50822470526704 2033038.032856581249 27984.458918713486884 121983 2265894 -482261150.5716839557 102956457015.54077844 0.09491264777629472571 -111.00176890976223332 -110.93574564269662197 -110.80500951717232505 0.10013762602736271667
88 -112.90370650493582438 -217.655 11.8716 203871.18049385660218 2025228.0241002840282 27182.79540585938603 120329 2256282 -491091308.07672615853 107206522649.71110877 0.08978782841323491859 -112.99877631607947093 -112.91583049583056741 -112.79815661512367564 0.10080956940761154339
89 -114.91275844030104558 -222.512 11.9564 202831.50824436760374 2027982.9872057875065 27136.50454984490163 117928 2257951 -502420862.56643453214 112117385006.62032828 0.083087544135646368426 -114.99769383637526188 -114.93034633196211836 -114.81195528480017964 0.094030966483465622252
90 -116.92309045596316075 -227.543 12.0795 202043.24922153517497 2023285.5672814168561 26466.183497047967592 115526 2251795 -512381067.81531284732 116917492354.27061602 0.065873526562349266067 -117.00204888686005189 -116.93828634547428713 -116.83064774080863168 0.086631483650095875149
91 -118.95105925821560611 -232.627 12.2567 201081.6290872334412 2024541.9769092172256 25888.394003549338942 112470 2251512 -523762603.93971132138 122179587252.06475404 0.083289701709554561648 -119.01885828537955048 -118.97379569894505913 -118.8622412348535442 0.080626645363338564354
92 -120.99773133283193083 -237.688 12.2704 204443.21475892281229 2065844.2100329364115 26302.57520814079073 111556 2296590 -545872693.28751052299 130093363658.47406456 0.10238199133563946619 -121.07544665013932628 -121.01247679604148821 -120.90707851801265571 0.085070389917245178846
93 -123.04778777509045362 -242.798 12.4323 201764.29114188467696 2040625.3380326239154 25392.37082549141464 110016 2267782 -550613021.58037062257 134038277238.8399513 0.10494414722544506691 -123.12708398845654711 -123.0604998653447435 -122.95761383265420585 0.085380632924612134826
94 -125.11397193754977586 -247.987 12.5477 200707.00447005208753 2044605.9246156365518 25222.07091431138601 107311 2270535 -563062292.43660705932 139989398383.96994334 0.10863932851047453099 -125.18595353235521328 -125.13054188307959258 -125.02730180838723806 0.080518458977159160228
95 -127.18707006431470852 -253.208 12.622 201811.56063090941406 2058214.2793998943075 25354.159969196305994 106577 2285380 -578675467.71393348556 146889091921.30230302 0.10485961536183190101 -127.2678156068766806 -127.21350738528827229 -127.08175500722041074 0.09567881932656349675
96 -129.25720824553552113 -258.641 12.7468 200975.48719283894478 2059722.4986629400689 24915.014144221010174 105166 2285613 -591152907.0802026852 153267661271.2420757 0.12709666097857091893 -129.33649114728430574 -129.29206833895654505 -129.14502261084423873 0.1002131333077981995
97 -131.34150211491151872 -264.147 12.7763 200443.77218236690314 2062367.3984047478104 24560.829412885304672 102749 2287372 -604201636.99758169416 159971208137.39481196 0.096702079800015466882 -131.42275706786658374 -131.37272732071617121 -131.23098288996121363 0.099475117972588747439
98 -133.43595278996603604 -269.584 12.8567 197803.44661955324773 2046719.8160485057011 23874.737331941066358 100526 2268398 -611523984.41149650083 165232081075.13761362 0.12121768243151076483 -133.50572838228865136 -133.47087122792732394 -133.33324337156041617 0.091202637888759083284
99 -135.5497955940187591 -275.001 12.9204 199667.72690773116705 2067555.2229818003942 23952.050110468452353 98513 2291175 -630075506.90197710198 173653898251.17441927 0.1328052496912369429 -135.61709921532502632 -135.57651559986459766 -135.45787412189607091 0.082740015010507997339
100 -137.66432637427449315 -280.43 12.993 194541.13081588179186 2028465.8444019393829 22932.024782178837659 95837 2245939 -629827586.25825315405 177001398349.80435084 0.094096207986193447503 -137.71499852098942496 -137.70597772313921858 -137.57427265328618882 0.078773271742764439107
101 -139.79601071103290444 -286.069 13.1424 192411.87021325217707 2020570.8865082253344 22692.243278522502653 93114 2235675 -639556775.88299076795 183343368166.15541598 0.11503763940439096225 -139.84352872698970272 -139.84183312557802559 -139.70493833436578024 0.079530241459571549001
102 -141.93304725952385859 -291.672 13.2516 192590.11269586328586 2024075.205605865283 22375.681698271436391 91216 2239041 -653066599.09741281724 190874729994.16290097 0.12933958858743663245 -141.98364202188939442 -141.97449453364347072 -141.84332178212668163 0.078506620701680837615
103 -144.08208827812337738 -297.307 13.3254 190798.42011705623467 2013134.6038046118201 22162.976078331962771 89479 2226096 -661833724.5808457649 197163020748.59757255 0.12392053357882736042 -144.1288604086792442 -144.11806711441106721 -144.0016719114912882 0.070523343986807360273
104 -146.23103435085404378 -303.189 13.445 190322.15933149127227 2017309.0194550147518 21469.821213493985528 87468 2229101 -675838352.6025403841 205309535367.61194138 0.13905443275890738697 -146.27820338294178226 -146.25910352639717438 -146.15811042587776791 0.064532587652829820346
105 -148.40886167115622918 -308.968 13.4657 187241.97376358690656 1993944.6910746307109 21162.335161782407599 84967 2202349 -680454763.79742014542 210637905264.93436645 0.13729266359231881434 -148.45178245453068611 -148.44751647814520901 -148.32961808919481195 0.069332965756497277887
106 -150.58930863779859344 -314.989 13.6537 184238.84420695456541 1961816.4547744285543 20389.701018616886062 82566 2166445 -682407070.21536537335 215354822771.71661723 0.14092942500067318079 -150.63912194775501474 -150.63338459084459053 -150.49788095006062116 0.079940783668055945266
107 -152.78300447948451612 -320.828 13.7965 184679.25946508870072 1982981.5153538090649 20327.225181102242596 80997 2187988 -701966988.78923431493 225626872183.07642101 0.15574209995402393814 -152.8466216122375978 -152.80885212591271305 -152.69627909727793957 0.078211351143374199801
108 -154.98488860713372439 -326.86 13.8391 185880.48511750858898 2006820.1772908253951 20060.337591666019401 79714 2212761 -723262462.04022631259 236829162483.35859808 0.13144096276573583038 -155.05411853525625032 -155.00337858815404068 -154.8999235414001725 0.078584969996519149493
109 -157.20781188652811799 -332.797 13.8583 183133.67379104334564 1984916.0207957777012 19516.305413178971058 77578 2187566 -728015616.35827145231 242701614401.17098227 0.16508861062818391829 -157.28566677527790274 -157.22914011121431166 -157.11150263583405939 0.08885098648578930447
110 -159.4377910820987676 -338.683 13.9421 185721.41129330671218 2032936.7684107129882 19845.820295980292318 76756 2238504 -758144052.54414704145 257205899227.77112545 0.13431145560888771429 -159.51125126576387414 -159.46054564536486531 -159.3444719469155495 0.085498055164669517492
111 -161.67407552720949404 -344.85 14.0304 186709.85599564475677 2044038.4254712971768 19601.718533058067102 76594 2250350 -776033446.16635616048 268058204097.34036295 0.12431049165240105892 -161.75275132676587431 -161.6873747455450907 -161.58510078078976102 0.084499276952770208116
112 -163.92228687236617013 -351.033 14.0836 186544.51048307606767 2055273.5635992020908 19452.925917721853553 75454 2261271 -793781570.09402735811 279092331811.33254337 0.14904542798289327488 -164.00650346029915694 -163.92748412517157952 -163.83595430591239728 0.08535101754795727802
113 -166.17899007748566298 -357.28 14.3026 184082.8845612664702 2037199.9963685495004 19023.119070184037387 73799 2240306 -800416244.17164245853 286430898149.95316634 0.12414539503764043804 -166.27704260795063318 -166.17594883719217158 -166.08709969521570082 0.095037212582418192919
114 -168.44072350919991088 -363.642 14.456 180741.21198840421161 2018104.6720062760256 18454.116005319785481 71608 2217300 -806304094.14520932682 293669648011.41733211 0.13570871008462781493 -168.54959769330766006 -168.43601714354067234 -168.33975994662958664 0.10503798456706381348
115 -170.72363018363763665 -370.217 14.4439 182073.13886350944964 2030825.4898197542446 18223.371316736332542 69675 2231122 -825998367.20811429759 306263763337.29855421 0.14282229408667179715 -170.84295466584698842 -170.6981434605335064 -170.63332347781968901 0.10732905035055302634
116 -173.0211984962999292 -376.612 14.6341 180452.92572622326072 2022102.2504475210325 17875.823826255706697 68348 2220431 -836241321.73619717296 315414171899.85587424 0.17807446850956470952 -173.14155366401469349 -172.98982864212074695 -172.93571576064752771 0.10670670756425783277
117 -175.32719358373416974 -383.123 14.7178 179791.81315297622136 2028375.6911129086225 17499.495734115171626 66780 2225667 -852704852.58958156547 327173197158.27269122 0.14256042543422758895 -175.44477956172399002 -175.30195948624977653 -175.23834345581491556 0.1057201014656604654
118 -177.64983786880337213 -389.519 14.6851 181446.42868827529131 2062994.8204981729623 17448.750813551764525 65511 2261890 -881049352.07620168268 343673330829.48595396 0.15200053105291039257 -177.76401850072745914 -177.64135257939070378 -177.54764521209398476 0.10850913863666460102
119 -179.98541995361820334 -396.073 14.7219 179911.28970328971778 2059445.2496513040578 17142.460645406261037 64589 2256499 -893738002.01024521864 354474422541.71676987 0.1441753193631468144 -180.11187320718370541 -179.97214073319965699 -179.87581458268639034 0.1186925761427772702
120 -182.33074031660235725 -402.623 14.8006 179907.24950211795668 2072197.9232148403422 16980.827283041723657 63472 2269086 -913586332.25075237692 368327981339.74394614 0.15815209795557702566 -182.4583840505245429 -182.30857188515994061 -182.2288397650967533 0.11654146249609829977
121 -184.68215989082135131 -409.441 15.0464 175261.03233669585573 2038541.7566727066637 16526.210990597490882 61813 2230329 -913188776.42347853561 374402120978.51453048 0.17043509788840807695 -184.80204978607081001 -184.67649488130435564 -184.57167057587546077 0.11534495332722881356
122 -187.0424712562437275 -416.243 15.1391 174101.85745688105645 2027529.8783094980823 16201.264233620873806 59958 2217833 -923157019.5217808297 384765776376.95379224 0.16154578147171555491 -187.17168659076797566 -187.0302590750636309 -186.92922774304418221 0.121789001364616567
123 -189.40591256712683155 -423.114 15.1516 172803.25395959313234 2037120.2056164006099 15959.540424006278829 58656 2225883 -941802044.49278177181 399000538997.34882358 0.15461580508147235169 -189.54410267594131723 -189.38015429702226378 -189.29730605632866736 0.12559954448297294682
124 -191.78252190687429213 -429.995 15.3534 170140.61676377994127 2018205.696118481861 15298.687117738218341 56998 2203645 -947557253.11784856638 407964737141.89792213 0.14720197748384886149 -191.91731600830856008 -191.74607565363307593 -191.68816061695906905 0.1191564824902254377
125 -194.18574643747431985 -436.928 15.2837 167734.12625912565589 2002108.830229061738 14907.043511812617889 54977 2184750 -954577530.49017040967 417591592121.09394944 0.17730579606693155914 -194.32740781546534903 -194.15413800876739536 -194.07970677654160108 0.12709460974187661297
126 -196.5997164376579871 -444.059 15.3067 164875.31140947754812 1982250.5723259232948 14557.116264599157052 53297 2161683 -959914652.41463803727 426765152840.51055205 0.19471897039032526333 -196.74087793163165783 -196.58176530855370423 -196.48060823164618904 0.13120588004947217331
127 -199.02494287060330969 -451.119 15.5218 164911.20544136848476 1986937.7733506944817 14380.021207937056364 52172 2166229 -977227585.38399099867 441368068014.24693945 0.18880754044262559876 -199.17878953681606857 -198.9956833989467011 -198.90459284705647969 0.13964787329973693542
128 -201.4576290166954049 -458.015 15.5178 162910.84157675094814 1977853.9522515057639 13964.206171743307733 50936 2154729 -986897381.27466648305 452532289965.55069795 0.17822389725034870622 -201.610975113073422 -201.40750345947406252 -201.35916097511634115 0.13363387149850558533
129 -203.90581880340043419 -465.335 15.616 165536.50281688379935 2028681.7952732244343 13963.701909891787283 50253 2208182 -1027545012.6970671316 478691442640.6593886 0.20767019052252869149 -204.06212845738771433 -203.8595460601535958 -203.80055537467865401 0.13719815733479798214
130 -206.37534954218013006 -472.609 15.798 165579.32447200790588 2036315.3160770303139 13937.359450961798653 49842 2215832 -1047222303.0869485118 495479780783.99754769 0.20351407812762126182 -206.54008564483804333 -206.32192498201881925 -206.26876973388954406 0.1437775357619111849
131 -208.83956314261869913 -480.089 15.7031 164883.86205431731624 2051640.1932141394445 13656.944731543254041 48861 2230181 -1070685868.8849029937 514574684783.63455147 0.17942600541278241888 -208.99560455049363794 -208.78365221046160194 -208.74422683917669241 0.13519671349360232182
132 -211.32879920369241056 -487.451 15.7762 164419.40598393492884 2050067.2366691306212 13323.357346934444344 47668 2227810 -1085948663.1760759165 529901458453.37025106 0.1971523883197396354 -211.49423862148593356 -211.26004583683520899 -211.23695315106829407 0.14234661090048031373
133 -213.83138615258097381 -494.729 15.8424 159887.46062555217644 2016175.1280170757233 12803.411357372116275 45812 2188866 -1082895109.187251674 536288792171.38366413 0.18866315784384016241 -213.99554879943376262 -213.76015464258568066 -213.74330247302157426 0.14102163770911918528
134 -216.34742328592984784 -502.282 16.0177 156043.38743039405389 1986463.6965268208478 12445.916042785110863 43957 2154953 -1082393409.8872498579 544219267785.43739921 0.19821634407353833085 -216.50408128171893862 -216.28325450040704503 -216.25979116794590817 0.13477923617246767574
135 -218.87000907978769071 -509.834 16.0289 151069.93485670269072 1936273.2448093006348 11808.820333996667473 42321 2099152 -1070219133.4463910885 546173464141.14822039 0.17955551215550696886 -219.0154979418026211 -218.79538785429013181 -218.80425342514141329 0.12460022387315734804
136 -221.40959392407130046 -517.395 16.0972 154038.57998267334683 1994541.9926633459603 11844.427353980701736 41405 2160425 -1117793456.0816722483 578900738886.61186528 0.16213222561497198093 -221.56078238135556502 -221.33630090043589256 -221.33678557529242648 0.12946475664694737095
137 -223.97049484133405706 -525.034 16.1899 153747.27807839165861 2000410.8018703360916 11786.920051272247301 41114 2165945 -1137194378.9454730311 597633234218.14154261 0.19790621243553033204 -224.13067156579326378 -223.89257827610395246 -223.8933688278144154 0.13723558151614095868
138 -226.53026962119160537 -533.039 16.2042 149485.75428546922586 1963224.5034884314296 11271.742226099347929 39979 2123982 -1132165710.5309796991 604046432107.91339928 0.16664373058918641179 -226.70040113436114337 -226.44582210712868253 -226.44980231629699796 0.14584586085368231312
139 -229.10604102329700815 -540.578 16.5234 149174.05398084051539 1978897.5160876115568 10923.429931547930841 38650 2138995 -1156293778.9293466101 625651044767.62409478 0.21115678577967064711 -229.253767440029534 -229.03095717226306327 -229.03888395784585663 0.12641344878096538729
140 -231.71594035989052252 -548.288 16.6811 148611.10008491736188 1980669.8977993963873 10834.002115686255698 37707 2140115 -1173400425.9253588083 643957457502.57135671 0.2145468615408214208 -231.87164867191110273 -231.64254312350626286 -231.63915416192327479 0.13326323229483197363
141 -234.32299022324998639 -556.104 16.8013 145485.10702538208241 1963371.8044984382032 10672.088476179726293 37018 2119529 -1178678725.6679891918 656066357969.25196356 0.17929465018910883956 -234.50333021629488384 -234.25388378157241753 -234.21790823684733818 0.15544745631792247775
142 -236.92592647344456047 -563.827 17.0908 145003.9585950855473 1977462.6934350925435 10229.3479698219327 36043 2132696 -1202472383.6560219647 678609796905.76441813 0.22768839113460442869 -237.10207743601127062 -236.84374705534800931 -236.83832534068270315 0.15073660711670266998
143 -239.57106062186399065 -572.318 17.0871 142165.57196957069898 1952085.6812944783658 10051.746735950952334 34896 2104303 -1204330058.8068060336 689873920304.22344548 0.16688733834953811686 -239.7378415735695536 -239.5023611193490094 -239.47937664956356452 0.14305211584398574987
144 -242.20837224939161381 -580.527 16.9194 139211.33845778372581 1936554.470351140461 9548.1911910758069304 33731 2085314 -1210580464.0717890027 703371244348.63038927 0.16267672092849205789 -242.38707218234510732 -242.11488710410679026 -242.12983300448590507 0.15301421037132789671
145 -244.88069567468867938 -588.663 17.0914 142019.29057145405817 1991273.8033504073981 9707.9060781385686418 33029 2143001 -1261505915.1194192944 743228168117.21650362 0.17600647125974763774 -245.0588854959891445 -244.78734637913026084 -244.80253107151000558 0.1525787544137935936
146 -247.55776010932241427 -596.709 17.2375 142902.59089396456274 2016952.3345908894686 9360.0745151459749174 32732 2169215 -1294390756.5977206683 773019542721.03587323 0.20729293012107419258 -247.7307246491895536 -247.45489976983994573 -247.49442312032559466 0.14915309351511726876
147 -250.27211594677434725 -604.952 17.3281 143935.8803955232801 2056610.6870158262954 9302.4325886504261431 32138 2209849 -1336853216.2962993946 809395950799.74189603 0.19215199542833424906 -250.46210311383701663 -250.14025509180694051 -250.22123870990603445 0.16741174629770902427
148 -253.0037898162301655 -613.239 17.361 142127.62441508078575 2047121.9344710703623 9084.44111384885458 31295 2198334 -1348104679.8530890484 827373281950.62447768 0.20737229624060019018 -253.19797350900812161 -252.87788481123793893 -252.94292630199345462 0.16918246945383205726
149 -255.74312822511480014 -621.521 17.3959 139941.74621877071554 2039297.5089455737324 8840.7448356555894868 30331 2188080 -1359938097.4311873253 845892503266.14991915 0.28188281788427360652 -255.93132494179401659 -255.60385437279528809 -255.70205883714757755 0.16804961426535838798
150 -258.49208018034680201 -629.666 17.6576 136336.27077926515277 2014771.7170688595625 8282.0121518753008703 29306 2159390 -1359695331.1794202526 856827746537.7431953 0.27716870348859423689 -258.69189817596493652 -258.37200903487572212 -258.42084708496756429 0.17232861612242414417
151 -261.28866350368006799 -638.352 17.7757 138375.63777500644044 2054705.2667861805678 8396.0954388129954467 28603 2201477 -1405317367.1332695346 897782840283.91098875 0.17789965821495173914 -261.50504341453255064 -261.16637043982065869 -261.20330913442833998 0.18578994716363375628
152 -264.08123184947343809 -647.02 17.788 138139.82746123548563 2072434.4860821353546 8432.6864566291878376 28546 2219007 -1435742494.3541220318 929656613072.57105422 0.2196049712977733992 -264.31451555713950041 -263.95244382362408508 -263.98567203980900553 0.20014083103890312199
153 -266.86923197282895437 -655.462 18.0935 137243.38766210734977 2077282.9768577039334 8123.6354801887479389 28005 2222650 -1456862411.4351231242 955645452976.1495645 0.17772466540652914757 -267.12251344410920195 -266.73642602884264896 -266.75800670703276518 0.21694637558449850201
154 -269.6815496189092709 -664.096 17.9978 138139.37992945773593 2124091.7845846795078 7968.8354858627707809 27163 2270200 -1507630738.4076922862 1001946908068.0158455 0.23789346251813298094 -269.92328228974817206 -269.53666008555929601 -269.59430530728113462 0.2085767465637405893
155 -272.52563145915506304 -672.833 17.9445 135195.06309807434418 2098249.9192129519695 7654.0176889737172874 26463 2241099 -1507884694.0313642772 1015275775053.2933428 0.21100943146891470992 -272.75491725209441496 -272.38453996759252185 -272.44714266530880531 0.19825220761702772032
156 -275.39174566657139387 -681.653 18.3344 136040.82159836767994 2123607.0245683464202 7622.1538332859062161 25947 2267270 -1545491851.3694416356 1054251613097.2471415 0.2958390269220397828 -275.63900237037837782 -275.24064042857044932 -275.30561096945032995 0.21372226299683674822
157 -278.25872482316616008 -690.404 18.2676 133769.14052425837856 2121917.0314151528967 7228.8280605887472849 25280 2262915 -1562325128.7807936467 1079390364780.4357463 0.2055967156637252824 -278.4998658239314433 -278.10346887577840924 -278.18292083013463634 0.20972095847301941429
158 -281.17291741067246669 -699.4 18.5179 133419.83324570814879 2125205.59135293027 7077.5754013615904428 24391 2265703 -1584633682.971127309 1109070437338.1505237 0.35041750883960731677 -281.41606895163575031 -281.00386353109145965 -281.10904953914067272 0.21417995732871439318
159 -284.08994230188089425 -708.546 18.7038 129293.6588199309769 2102841.4649692389521 6832.876210830078326 23741 2238968 -1586412237.2247377778 1124829606475.4536256 0.33665932032644407812 -284.34198691333922637 -283.92212309641032242 -284.01602688387217421 0.22036087328217823789
160 -287.02059734618477016 -717.221 18.8512 129883.69889339427279 2134491.7148475178126 6700.5862590879506504 23061 2271076 -1628862831.164143931 1169061291217.2472368 0.2785005218198311483 -287.24252302520052593 -286.86933124551003083 -286.96123137281077442 0.19444053568265456944
161 -289.98251218860501233 -726.474 18.9824 127367.68424908502037 2098958.8452266595602 6396.470524255438824 22165 2232723 -1622014836.4397075527 1179155858260.7884357 0.34848328467076061798 -290.20710759872891016 -289.83233191398757889 -289.91939705969545793 0.19613537317698562235
162 -292.95788964233075369 -735.554 19.1171 124087.80603872705128 2079801.5373994860295 6320.6565617869163405 21418 2210210 -1625729857.3522957455 1196620622648.7556363 0.31888159076950728377 -293.2046290742848238 -292.80737982674914655 -292.87341094431761457 0.21286635972482492729
163 -295.92337924522005999 -744.643 19.1262 122072.73578611234279 2071828.6230563099801 5954.6411575776538792 20783 2199856 -1638106596.4530620822 1220608768735.0162994 0.37404191509299850038 -296.17223305780778686 -295.78255821921819368 -295.82719308147537385 0.21326483383013969397
164 -298.93191808597269521 -753.439 19.5178 120509.74283530297205 2071579.182238717808 5614.0749259792483112 19851 2197703 -1655835714.8995356414 1248408830581.3586993 0.32592574918709527054 -299.18349279125216311 -298.79281699996604083 -298.83132310461465631 0.21530357727532556389
165 -301.98949903015652119 -763.145 19.5501 120323.39717666414945 2087721.5423665690968 5816.0604567667558817 19395 2213861 -1689496012.8602534248 1290175868183.9409113 0.29301900637038896802 -302.23155981811437654 -301.83701368857392389 -301.9124275586409305 0.20944342884833860863
166 -305.00552481110132241 -772.402 19.7011 117996.66562744425971 2077299.8203797049953 5337.5139928507585734 19013 2200634 -1699773058.3995286162 1313761442448.0390372 0.35769384750514288118 -305.21891624632810602 -304.84188680014724149 -304.96928951811330188 0.19178814673227304044
167 -308.09233964300612563 -781.542 19.8365 116385.93338669260515 2068841.2501014172352 5168.8165118901798594 18256 2190396 -1711887448.4969967902 1338774594567.7367724 0.36267256398946778884 -308.32915387469252222 -307.89126983340363175 -308.07092573050650453 0.22011377712203458734
168 -311.19490356739457404 -791.058 20.0008 115518.62387814126372 2079089.0484566300203 5060.3276652287227062 17731 2199668 -1740064735.2692357119 1377371878467.952888 0.42434948272810252279 -311.45007868136219953 -310.9767996737100102 -311.17245651162901021 0.23781949962890419625
169 -314.31529634806672213 -800.365 20.3008 116604.80571094958027 2115712.6225640690391 4989.571724981387248 17325 2237307 -1790661706.9842979561 1434104588671.5949078 0.35179371833396988478 -314.55286302630322792 -314.12049045715106921 -314.28775411736254108 0.21802366233606781942
170 -317.45028507999357537 -810.317 19.9898 111570.5544098475097 2060012.0319993508328 4641.4135908016776053 16523 2176224 -1763432129.3036491489 1429809303637.8753693 0.32515216793754736502 -317.69008750559386511 -317.24164120537473899 -317.4344591850539552 0.22495506797059849902
171 -320.61406868289024708 -819.953 19.8447 106950.64435100825376 2008254.7029380981481 4243.6527108936137314 15446 2119449 -1737849338.9675995593 1425790074944.09075 0.33983779537245234481 -320.89213603111126316 -320.37875816583473032 -320.58800106504785044 0.25814643806390402681
172 -323.83102736087873375 -829.163 20.2071 109412.7629259593269 2076206.7084607143595 4378.5286133263120343 15106 2189998 -1815864300.6844779111 1506540884372.6963916 0.41474474825063678551 -324.14648484292241859 -323.60723336198431888 -323.75768547052823232 0.27826634381022141707
173 -327.0437841700186663 -839.337 20.3274 107971.38909011396927 2061188.4187836478992 4250.192126238123481 15037 2173410 -1824223194.7054098455 1532035885493.0800705 0.41307081869910022842 -327.39868080540999484 -326.7920023197226751 -326.95989478910726911 0.31325703886869082915
174 -330.25652168411191489 -849.311 20.5223 106584.62300166193619 2082868.6709949867003 4126.7060033513446626 14592 2193580 -1863030841.2209573123 1583215777802.5211705 0.3309902897531628585 -330.62758219990827468 -330.01145105166945903 -330.1500161519944947 0.32323552014075840333
175 -333.50248145170864511 -859.35 20.4942 104022.35891256867342 2044664.5761974151418 3967.064890016185442 13994 2152654 -1849884120.673463551 1590602840726.2816758 0.35383342203466500164 -333.89097664007802235 -333.24808798795847586 -333.38811388409115688 0.33807889163848087177
176 -336.76038096304033154 -869.175 20.7847 100933.61939977324785 2002327.4139384785327 3682.966661748247599 13269 2106944 -1831302400.5216556984 1592631903254.7337799 0.37432019448776832071 -337.14943479437802365 -336.50889055955993534 -336.64258706933665843 0.33790193103460736124
177 -340.05297750079073005 -879.19 20.4906 98912.163285235632003 2000150.6121115726291 3497.2246031917642988 12677 2102560 -1848550307.9864548885 1626110245579.0343591 0.4145883365104423568 -340.43013739461544231 -339.80270193275585733 -339.94603852511321174 0.32877863706740284577
178 -343.38311787222600735 -888.745 20.747 97070.253942571779632 1988081.372958496861 3420.3730989313721751 12333 2088572 -1856207604.437455158 1650593947155.3696586 0.54843688356309217014 -343.74535294426154008 -343.17161550764600086 -343.25343448508280852 0.31033658115565565527
179 -346.72490577525898736 -898.684 21.1529 93729.716371961502112 1927718.8693762941942 3123.4142517443127276 11672 2024572 -1819450043.8056705962 1636016149143.5189651 0.35462208250126309173 -347.09907049638600496 -346.49602963287647661 -346.6007669891871239 0.32221488231419853632
180 -350.1135490632014875 -909.58 21.3093 92374.514772426609113 1925699.2798905804916 3021.2053369928792326 11067 2021095 -1838348337.0316448204 1673043307292.0526199 0.4758889243827330584 -350.45761546937605102 -349.92340752476470378 -349.98214109860075149 0.29294585334691175538
181 -353.51660957261365859 -920.01 21.6174 94693.359460483470563 2009910.8443410707391 3031.7961984458123148 10890 2107636 -1939045945.0230464789 1784926355774.4902526 0.56527303397235817428 -353.83649117194717304 -353.3146953891248554 -353.42202249110343582 0.27555224345696816002
182 -356.94347209916320018 -929.406 21.4406 90666.423224607645516 1954241.9380698201932 2830.638705572166236 10525 2047739 -1903180299.835827891 1769767967851.9161274 0.41192635735404575792 -357.32542896694850709 -356.71763836237660961 -356.81350695253903149 0.32676810190465799266
183 -360.39846867765895233 -940.131 21.642 88321.852006197023108 1927228.8167956020385 2687.3311982009358649 10002 2018238 -1897408462.7630335779 1784758138110.8420906 0.39400578477576514436 -360.78970222762832476 -360.16596747699664682 -360.26604335832118631 0.33498229616738528502
184 -363.88554342406261632 -950.109 21.7119 85957.060780452891834 1886231.2088601449791 2576.7303594021262039 9590 1974765 -1876241145.9385194503 1783563702726.7861542 0.45371022484637335559 -364.26941883499070185 -363.64218278158150177 -363.77152498542418124 0.3311728545970319959
185 -367.3774077457236853 -960.534 21.5747 85215.215211461837811 1900540.6158215350945 2472.1689670030725641 9138 1988228 -1909761368.9665067672 1835316927470.577294 0.40293388804891272503 -367.73430754222393047 -367.12656072702966092 -367.29846316305824638 0.31328021574158088081
186 -370.90488682161519129 -971.455 22.2444 81433.852165493456461 1840397.2114425802349 2271.9363919263266451 8602 1924103 -1869179183.9602730548 1816775248480.8771189 0.68228862182101113198 -371.2514254684414392 -370.66599274417855803 -370.8245548382391541 0.30279034202496468708
187 -374.46974845971452162 -981.906 22.3932 76846.228067445071687 1762872.144914705299 2134.6270178496489989 8126 1841853 -1808527342.5305449667 1776728274867.136138 0.53582237598576365478 -374.78599863927730906 -374.24985933764397394 -374.40125874711108844 0.27640306208663101284
188 -378.03980499131897197 -992.745 22.4845 74663.930549509934394 1737164.1015457560694 1965.9679047340019366 7576 1813794 -1800635052.5311347723 1788488540989.4524221 0.58487149617059064344 -378.3911997670774805 -377.80724464341701285 -377.94969033109569745 0.30447357370233224527
189 -381.66789177480062101 -1002.97 22.9929 73213.669312578961957 1719369.0824679755988 1926.2482194454350241 7204 1794509 -1799830292.6361305742 1806116070962.8679976 0.53939434147298859212 -382.03867339566109207 -381.42091786849109347 -381.57322249473290521 0.32183410102092613325
190 -385.2923915340152643 -1012.93 23.3452 70221.782835470900388 1672298.9807925621983 1714.2363719669077216 6779 1744235 -1766791749.9251548321 1790590808303.58646 0.68962277415145700754 -385.67176014518072646 -385.01130977083859896 -385.22391163570304906 0.33713561503500272254
191 -388.99490929743556755 -1023.64 23.3876 65630.894675596548979 1579693.1808433781973 1546.924481025252616 6105 1646871 -1685806971.0553198281 1726564288702.8199034 0.67051102898989312084 -389.38055290893323912 -388.69962670227979196 -388.93426377031406327 0.34590197263645611203
192 -392.73144459748583124 -1034.06 24.2025 62261.163527170548036 1516267.8668034501613 1448.9696693793015543 5700 1579978 -1633787150.5721326688 1690354366150.2543619 0.57073090989632246917 -393.16048561530358496 -392.41969883801785635 -392.64512801331196323 0.37973166408541297878
193 -396.47669137922751581 -1045.75 23.8482 60486.416943250437289 1496650.1735936634102 1373.4094630861578333 5377 1558510 -1629817698.8645218227 1705274372624.0487843 0.76882488579755892122 -396.88364266129560987 -396.17635027030686068 -396.40145383931107625 0.36134936996777050622
194 -400.24960466694390782 -1055.93 24.1106 60196.385024607464945 1508486.5467783814864 1407.068197011050558 5201 1570090 -1657897596.053130007 1751528575981.1116358 0.85231839906957207464 -400.72270675682541663 -399.89396322449143462 -400.16714047743218652 0.42231416916312014553
195 -403.99231253613895198 -1067.31 24.0007 59484.221380652965948 1511667.8166545792118 1286.9619647678245605 5087 1572439 -1678287433.7405493015 1792166810119.5066229 0.85223352188229828386 -404.43862926331310303 -403.6488657955983026 -403.92500079703731553 0.40078902917736020095
196 -407.81167593385843695 -1079.34 23.3141 59983.907776079932756 1546885.9710332844481 1235.1211906356174407 4843 1608105 -1735692237.4530477151 1874276343425.9491683 0.72621871980649121969 -408.31723800494871979 -407.41248708232503439 -407.743846990488779 0.45773916817885534902
197 -411.68733357353964486 -1089.65 23.7528 55854.46556273297378 1451338.4821921472911 1101.0522451197408444 4550 1508294 -1643511634.7572289703 1791702423282.9178849 0.60090108803721575814 -412.20293346246997102 -411.20666235600824301 -411.69765092219589286 0.49815264315350149538
198 -415.59781199478218916 -1101.27 23.5248 57252.620996766370453 1512604.2100293524026 1136.1689738812166317 4357 1570993 -1730082572.7005771287 1906152066853.7375839 0.622499743355858004 -416.11938532473079944 -415.10613750130166544 -415.61342073954259257 0.50662405475783089948
199 -419.50675628515999271 -1112.14 23.6879 54231.036259802806267 1449115.2517642811158 994.71197591608497268 4181 1504341 -1673031077.0012858128 1861481413384.9046776 0.52298520391250780115 -420.04816479932732376 -418.95690956130200355 -419.56335873406115633 0.54675642270281010759
200 -423.49526044979186956 -1122.69 24.4253 47589.362061715306652 1284984.954604727346 865.68333355735544254 3774 1333440 -1497039504.4020028191 1681506527706.7804277 0.64845646193488071241 -424.05263136923311107 -422.91835741197902188 -423.56348602902764577 0.56892171493282084338
201 -427.49083022446579427 -1133.84 25.1876 46063.592540095087497 1258466.4207878797049 793.98667202521525421 3433 1305324 -1480029876.4148865493 1678946676933.8203093 0.7352138443468643203 -428.04040241688666368 -426.89574350125805857 -427.58547165820519576 0.57632903778223787405
202 -431.54304741675882262 -1145.33 24.2293 47310.12863410330776 1303976.8175183659507 797.05384753072295978 3268 1352084 -1548579931.7605260013 1774426015289.4488521 0.82824621796620168102 -432.15017130927158417 -430.92886546370438872 -431.6015343244857001 0.61170171182211052763
203 -435.61064064514060412 -1155.5 25.1609 48000.399326377597855 1345094.353367131974 792.24730649043198866 3198 1393887 -1610640172.0414947488 1861981470066.888999 0.59595486840411449059 -436.20124367165836032 -434.96458894075268198 -435.71916308266273399 0.62331088459719585781
204 -439.69716044583092973 -1167.56 24.7737 43230.028860665525215 1233724.3388498122708 658.63228952220047929 3004 1277613 -1491686056.6369825341 1742412675963.5091333 0.73697480647531410369 -440.30534039534286661 -438.92354766592065651 -439.93226393728500279 0.7148479682884654185
205 -443.87521861713177707 -1177.91 25.7337 46798.576484383535877 1343991.0844935430517 704.33902207340057128 2811 1391494 -1639055881.2624635181 1931583189531.8859168 1.0109023840327702182 -444.4810281252451456 -443.08873946817569411 -444.12579662729754881 0.72343447907855307211
206 -448.05731690913328968 -1190.45 25.9978 41391.135235865680336 1206373.5798832112962 609.28488092302999701 2664 1248374 -1486120824.362258991 1769989142573.3582187 1.0470477787993841545 -448.61919159440408533 -447.28206896268871695 -448.34247210945707929 0.70580042498122430583
207 -452.2550557972916021 -1203.2 26.0999 41795.025185513566072 1244677.2957869420787 573.6790275443613531 2472 1287046 -1548577055.8248938302 1864128635682.649897 1.2010916626868453072 -452.82355704489744097 -451.5112711645013146 -452.50316063016507195 0.68417746313798422086
208 -456.53179034576639417 -1214.43 26.6766 43543.77385768278814 1312612.1119334461486 560.11420887106085748 2385 1356716 -1647633543.4813378182 2001897371226.9528444 1.1029207869712278622 -457.06658122227680918 -455.81724341715768922 -456.78577875696064092 0.65545857739383694973
209 -460.87357906359168958 -1227.18 25.4328 42930.992887484229264 1309767.962896825481 521.04421569028969585 2253 1353220 -1660645957.5040950303 2038788566883.6523384 1.5756791852407447951 -461.36325265592695599 -460.19562478149210527 -461.13799535139307517 0.61942957597185155372
210 -465.27996600017426765 -1236.1 25.7023 40884.952998580525602 1253947.8173495537452 519.22965186573533009 2191 1295352 -1601180482.6663725458 1980069816035.2395536 1.4207338523176329392 -465.86424776155423855 -464.54264615628297541 -465.51429168527588098 0.68473779560387615373
211 -469.63945648598557447 -1247.24 26.5654 40003.105571633032881 1235405.0344135873361 499.86001477963177531 2159 1275908 -1591365311.0026188981 1985717170695.0122106 0.93574131846615460351 -470.22228000717497265 -468.96745517362332656 -469.81342204386752082 0.63997527846671475871
212 -474.01333864737197921 -1258.39 26.1618 35961.76139636256087 1120467.354099549375 372.88450408806835401 1913 1156802 -1455711716.9591880395 1832649416250.9334762 1.2580602403563707625 -474.53332704349800464 -473.39138162500514362 -474.20426112159444409 0.58780620326624422045
213 -478.57138314591217743 -1269.98 25.8807 37548.042982841457718 1183124.2590065386058 391.69801061994265118 1750 1221064 -1550730360.2605521351 1970218872200.5397577 0.90587526509843097067 -479.02434717261986874 -477.95635162260011519 -478.82615190408299322 0.56810333405624757752
214 -483.12782647303479955 -1282.33 26.0408 38498.768583926375673 1221189.6613356444509 384.57008042917847551 1720 1260073 -1615825510.3948469408 2072871011357.4009762 1.0760599095889602506 -483.59557115423207518 -482.4575835781264086 -483.42553920541817769 0.61384915130001038719
215 -487.71244574610993361 -1295.23 26.9004 35295.963787646588496 1144848.9064532842829 367.12975906913615803 1680 1180512 -1529036627.3185833597 1981311045381.3284267 1.0113193921832164257 -488.19700200241489041 -487.07983362601853194 -487.95769398166621267 0.58821372446662756328
216 -492.26446724842155156 -1305.71 26.7508 38178.899366234815481 1256083.78029039609 399.32034336909962524 1639 1294662 -1690449400.3330886628 2208158295439.8961494 1.1826253864936948634 -492.78448796750156147 -491.64764318802959586 -492.46060124829350224 0.58569324553234747288
217 -496.81809612766703133 -1318.83 27.4692 32959.58269431875787 1091857.1959693242287 308.22133635702170412 1509 1125125 -1483853162.7574075843 1957805051293.0039709 0.98531401060583312379 -497.26757414466045715 -496.28886405125134296 -497.00491717795867652 0.50655605309271345416
218 -501.48962458708755996 -1328.64 27.2082 32228.161728143996484 1068436.6886577456035 252.14961411040018988 1327 1100917 -1462727205.5406850589 1944259300384.4881773 1.1521137710401527787 -501.79872841881889611 -501.11070105351827486 -501.68735213319021904 0.3693040301501858691
219 -506.3207881286472638 -1340.06 28.0656 34167.738992434105082 1155601.3911269103505 279.86988065554800301 1242 1190049 -1594733028.9671417892 2137969912320.1817205 1.811431928820080195 -506.66773315501735864 -505.92774207218180571 -506.49557033187031374 0.38722426166372370115
220 -511.11279714192953172 -1352.94 27.6019 31372.802284591646746 1075027.7759919789305 271.42172342943795987 1230 1106672 -1497256003.0285342684 2026534158575.3042345 1.7444914222093526046 -511.48087091086473732 -510.72768966344400177 -511.25912995816273332 0.38705723703681410575
221 -515.85581855735141055 -1364.28 27.9731 28119.463324045199951 970550.6567149147225 209.87996104008195442 1111 998880 -1362750388.3368241369 1859952507889.9616445 1.9366905962650939887 -516.17847120881738432 -515.50746452150459298 -516.0130395758116344 0.34957682393757172346
222 -520.74206375521036527 -1375.74 28.5093 29098.217812944624125 1016196.3286082465056 242.45357880886713227 1027 1045537 -1438387642.7774499875 1979697992296.6466788 1.7117120031199619667 -521.02339019757933114 -520.55916834548749783 -520.79372171293258242 0.23211520952102285276
223 -525.52253628971940991 -1389.62 28.678 25522.701933156736446 897933.86395523548163 187.43411160777884235 947 923644 -1283517972.479690767 1784367153523.290028 2.1072018288058376179 -525.66289394081293507 -525.33967964648004134 -525.73652400985489175 0.21109804817048866132
224 -530.42513077842811064 -1400.84 29.2195 22969.754279593418513 817572.29426848158329 160.95145192499210141 777 840703 -1177691230.884056302 1650475934249.9230632 2.0951772448158130224 -530.48823504611603097 -530.31987706602889965 -530.64327900019455564 0.16174663728907495708
225 -535.36954730089420984 -1414.94 26.8232 16529.411996288095311 598360.98188939437063 105.60611431753535365 597 614996 -870182042.97648826853 1231697296258.5626358 1.0253375521087113587 -535.53997974484043665 -535.21003844965698271 -535.54321186764824114 0.19143155087968782846
226 -540.41109306415300573 -1426.08 28.4003 16933.140939500377945 620359.07660831299745 97.782452186625246286 471 637390 -908970410.84372819826 1296780453233.5068467 1.9786071091402333 -540.44382334594543194 -540.27421568457375223 -540.71540081603203243 0.22254789781475323163
227 -545.56584140490364909 -1435.31 29.9463 13147.972614890382578 481468.60555726733645 63.421827842280471474 428 494680 -710020373.1660825758 1019544714676.163589 2.778906827220179121 -545.81572900724741215 -545.35726722643985021 -545.7528929411813885 0.24854754135329060194
228 -550.88064937872404236 -1452.27 29.6578 15840.033887545265669 591716.50838876106371 88.457723693671001963 419 607645 -882464488.46392871416 1282111010004.3040897 2.5768235100831935469 -550.87460483779916798 -551.05182698159400978 -551.04266707288153038 0.099780180957720801538
229 -556.0624568842326152 -1462.22 29.9985 16239.207958491152336 610370.0254315445365 74.76660996430712549 410 626684 -916349207.59273906058 1340467115339.8453226 2.4694029641485468751 -556.00055640988189465 -556.55424226566232981 -556.02141387058432764 0.31382297544673842804
230 -561.42434212212087452 -1473.54 30.8984 18376.471311224237899 704243.79291992639969 92.735768849363863213 413 722713 -1064944505.1018987034 1569925344826.4042238 2.0951460156648895605 -561.16455693584778386 -562.02489278688712737 -561.50583090019930177 0.43321875490478684023
231 -566.70500528170445698 -1486.9 29.7496 17127.591872273996142 662075.84174527807409 81.566382447927023185 437 679285 -1010031711.701323952 1502421574337.727731 1.7252374067691444992 -566.49459844596431379 -567.23851564547580573 -566.80635621449076433 0.37357896971709875222
232 -572.0557247023705667 -1494.7 29.8819 15481.659938458156847 596189.73366116555718 73.606400376284851182 385 611745 -914373193.62160422379 1367256781565.4666917 2.1219622745857185109 -571.97666226547717327 -572.61403387826842071 -572.01945372418041069 0.3562768681855201236
233 -577.40604528632563408 -1507.89 31.0812 18213.747975516212829 700233.20672335261878 74.045301131168462662 361 718521 -1083448565.4975403768 1634412261455.5624422 2.0931578579370468951 -577.04960984613599306 -578.14479138084177201 -577.53887680786309256 0.54862513369808008079
234 -582.88441994238375621 -1522.98 30.5211 18627.798818771280201 736177.62449807875743 70.576683149963922094 375 754876 -1149659110.2488803363 1751608072794.3683827 3.2105454876863714908 -582.4599837774430422 -583.7805751841006181 -582.94124231896992905 0.66833762749701730588
235 -588.46206948442595142 -1532.64 32.1291 18954.690045475889134 747616.62440830341029 63.685546220703974141 384 766635 -1174976801.2921078508 1801609872337.0780456 1.5064602328032143941 -588.06145718809223366 -589.49548616164033454 -588.37598498108778466 0.75372958491375996459
236 -594.16024680733543839 -1542.16 31.8893 18482.264325995193476 727241.63734608291912 65.098327921885102143 363 745789 -1150125971.5249612237 1774436689751.5648202 1.6341419226311753032 -593.69712059638023005 -595.34104777124095698 -594.00529867018090835 0.87385124048327544877
237 -599.78687960957237912 -1555.53 31.2337 15666.088860974406381 630512.45030320872553 57.460835816873603473 309 646236 -1005239171.4713999585 1564309631358.1881269 1.7141440014391287061 -599.40942621934910006 -600.85366676616344783 -599.6721216112277113 0.76929497807475677451
238 -605.39807716554268602 -1569.19 32.2106 13703.258155166083151 549798.42909434021948 46.312750493698352602 231 563548 -884311552.25596786558 1388233873868.1555182 2.3644005157511496229 -605.35557289182379703 -606.31478496205956752 -605.16349949096528116 0.61677092227267815705
239 -611.07592602327092202 -1584.02 31.2829 9843.8038200955697601 399892.53462872505477 28.661551179374193291 164 409765 -649074383.43400108546 1028545318880.1512051 3.5138840836404776624 -611.00984938504355126 -612.06780838119927601 -610.79339784820766335 0.68193972267013780453
240 -616.88692969233811247 -1600.19 31.47 9098.7901693379667076 380398.76027397207716 24.449556689957556451 145 389522 -623310955.73176917713 997804520293.85814208 3.8616027041378804263 -616.98221618796954102 -618.1012868387916992 -616.29818788692571951 0.91025451278540203681
241 -622.82063323462811688 -1604.46 34.5824 13799.053736346843005 568450.61795970501305 35.328303948145521666 165 582285 -934254120.38301525032 1499671556592.7957948 3.6908044621611271197 -623.16626160072060214 -623.6796323949384 -622.45796144662293381 0.61342190292070486457
242 -628.76234521736607341 -1618.4 32.7363 10692.471912267854503 452351.50758678893368 17.020500943208626513 154 463061 -749418574.96526695264 1213356323076.6740692 6.0534218162616273418 -629.14845889494354436 -629.86260820877375544 -628.17716201394390163 0.84598618473935960349
243 -635.20798593934493503 -1628.71 33.1588 16859.214115911786658 711213.29522916632675 37.490654921887052682 166 728110 -1185878101.2723230007 1932248929611.7866489 3.4880104830530815896 -635.56348415389705009 -636.6092551239122681 -634.41556189853534642 1.0972429382212738336
244 -641.29774081403938446 -1643.36 33.5921 10919.766671662869951 469604.48207410993206 27.751254227197759224 166 480552 -789718012.9955597049 1298330103205.0050997 3.7729643503747709588 -641.92045597387239253 -642.45217674855782342 -640.54931338741292501 0.98180513563369398167
245 -647.30165849087624785 -1650.5 31.3178 6862.9933381865200337 286555.15793267611855 10.848729137360520354 98 293429 -484303563.83476861025 799629176815.77476996 1.6241273503397766209 -648.4578878520582772 -648.76572902968520928 -646.03735956349456382 1.4943071599886197376
246 -653.7404895412691257 -1660.41 36.1276 5297.7145783916091202 223706.26491555420884 11.020506054181134039 66 229015 -380257679.73190441393 631680710871.66812414 9.3412150722077527121 -656.09863391548283529 -654.69444027315741685 -652.42819826292478291 1.8520128920613272427
247 -659.89185630430885787 -1680.88 45.0056 3678.9453995640247994 159201.98379792110536 4.0708025148695147571 36 162885 -273789426.01468190475 460535894446.22052631 0 -662.51378681148976524 -660.85740361026809886 -658.36242598489892197 2.0897494017461197835
248 -666.77643828358342937 -1668.34 25.7818 1047.7141565717357085 41857.069115609636192 0.216727818628073414 7 42905 -71580121.859328394639 119448489117.90926191 0 -669.83684069767691893 -667.34663985665510744 -665.45765208138917268 2.1964618511253375388
249 -666.77643828358342937 0 0 0 0 0 0 0 0 0 0 -669.83684069767691893 -667.34663985665510744 -665.45765208138917268 2.1964618511253375388
250 -666.77643828358342937 0 0 0 0 0 0 0 0 0 0 -669.83684069767691893 -667.34663985665510744 -665.45765208138917268 2.1964618511253375388
251 -666.77643828358342937 0 0 0 0 0 0 0 0 0 0 -669.83684069767691893 -667.34663985665510744 -665.45765208138917268 2.1964618511253375388
252 -666.77643828358342937 0 0 0 0 0 0 0 0 0 0 -669.83684069767691893 -667.34663985665510744 -665.45765208138917268 2.1964618511253375388
253 -666.77643828358342937 0 0 0 0 0 0 0 0 0 0 -669.83684069767691893 -667.34663985665510744 -665.45765208138917268 2.1964618511253375388
254 -666.77643828358342937 0 0 0 0 0 0 0 0 0 0 -669.83684069767691893 -667.34663985665510744 -665.45765208138917268 2.1964618511253375388
255 -666.77643828358342937 0 0 0 0 0 0 0 0 0 0 -669.83684069767691893 -667.34663985665510744 -665.45765208138917268 2.1964618511253375388
256 -666.77643828358342937 0 0 0 0 0 0 0 0 0 0 -669.83684069767691893 -667.34663985665510744 -665.45765208138917268 2.1964618511253375388
257 -666.77643828358342937 0 0 0 0 0 0 0 0 0 0 -669.83684069767691893 -667.34663985665510744 -665.45765208138917268 2.1964618511253375388
258 -666.77643828358342937 0 0 0 0 0 0 0 0 0 0 -669.83684069767691893 -667.34663985665510744 -665.45765208138917268 2.1964618511253375388
259 -666.77643828358342937 0 0 0 0 0 0 0 0 0 0 -669.83684069767691893 -667.34663985665510744 -665.45765208138917268 2.1964618511253375388
260 -666.77643828358342937 0 0 0 0 0 0 0 0 0 0 -669.83684069767691893 -667.34663985665510744 -665.45765208138917268 2.1964618511253375388
261 -666.77643828358342937 0 0 0 0 0 0 0 0 0 0 -669.83684069767691893 -667.34663985665510744 -665.45765208138917268 2.1964618511253375388
262 -666.77643828358342937 0 0 0 0 0 0 0 0 0 0 -669.83684069767691893 -667.34663985665510744 -665.45765208138917268 2.1964618511253375388
263 -666.77643828358342937 0 0 0 0 0 0 0 0 0 0 -669.83684069767691893 -667.34663985665510744 -665.45765208138917268 2.1964618511253375388
264 -666.77643828358342937 0 0 0 0 0 0 0 0 0 0 -669.83684069767691893 -667.34663985665510744 -665.45765208138917268 2.1964618511253375388
265 -666.77643828358342937 0 0 0 0 0 0 0 0 0 0 -669.83684069767691893 -667.34663985665510744 -665.45765208138917268 2.1964618511253375388
266 -666.77643828358342937 0 0 0 0 0 0 0 0 0 0 -669.83684069767691893 -667.34663985665510744 -665.45765208138917268 2.1964618511253375388
267 -666.77643828358342937 0 0 0 0 0 0 0 0 0 0 -669.83684069767691893 -667.34663985665510744 -665.45765208138917268 2.1964618511253375388
268 -666.77643828358342937 0 0 0 0 0 0 0 0 0 0 -669.83684069767691893 -667.34663985665510744 -665.45765208138917268 2.1964618511253375388
269 -666.77643828358342937 0 0 0 0 0 0 0 0 0 0 -669.83684069767691893 -667.34663985665510744 -665.45765208138917268 2.1964618511253375388
270 -666.77643828358342937 0 0 0 0 0 0 0 0 0 0 -669.83684069767691893 -667.34663985665510744 -665.45765208138917268 2.1964618511253375388
271 -666.77643828358342937 0 0 0 0 0 0 0 0 0 0 -669.83684069767691893 -667.34663985665510744 -665.45765208138917268 2.1964618511253375388
272 -666.77643828358342937 0 0 0 0 0 0 0 0 0 0 -669.83684069767691893 -667.34663985665510744 -665.45765208138917268 2.1964618511253375388
273 -666.77643828358342937 0 0 0 0 0 0 0 0 0 0 -669.83684069767691893 -667.34663985665510744 -665.45765208138917268 2.1964618511253375388
274 -666.77643828358342937 0 0 0 0 0 0 0 0 0 0 -669.83684069767691893 -667.34663985665510744 -665.45765208138917268 2.1964618511253375388
275 -666.77643828358342937 0 0 0 0 0 0 0 0 0 0 -669.83684069767691893 -667.34663985665510744 -665.45765208138917268 2.1964618511253375388
276 -666.77643828358342937 0 0 0 0 0 0 0 0 0 0 -669.83684069767691893 -667.34663985665510744 -665.45765208138917268 2.1964618511253375388
277 -666.77643828358342937 0 0 0 0 0 0 0 0 0 0 -669.83684069767691893 -667.34663985665510744 -665.45765208138917268 2.1964618511253375388
278 -666.77643828358342937 0 0 0 0 0 0 0 0 0 0 -669.83684069767691893 -667.34663985665510744 -665.45765208138917268 2.1964618511253375388
279 -666.77643828358342937 0 0 0 0 0 0 0 0 0 0 -669.83684069767691893 -667.34663985665510744 -665.45765208138917268 2.1964618511253375388
280 -666.77643828358342937 0 0 0 0 0 0 0 0 0 0 -669.83684069767691893 -667.34663985665510744 -665.45765208138917268 2.1964618511253375388
281 -666.77643828358342937 0 0 0 0 0 0 0 0 0 0 -669.83684069767691893 -667.34663985665510744 -665.45765208138917268 2.1964618511253375388
282 -666.77643828358342937 0 0 0 0 0 0 0 0 0 0 -669.83684069767691893 -667.34663985665510744 -665.45765208138917268 2.1964618511253375388
283 -666.77643828358342937 0 0 0 0 0 0 0 0 0 0 -669.83684069767691893 -667.34663985665510744 -665.45765208138917268 2.1964618511253375388
284 -666.77643828358342937 0 0 0 0 0 0 0 0 0 0 -669.83684069767691893 -667.34663985665510744 -665.45765208138917268 2.1964618511253375388
285 -666.77643828358342937 0 0 0 0 0 0 0 0 0 0 -669.83684069767691893 -667.34663985665510744 -665.45765208138917268 2.1964618511253375388
286 -666.77643828358342937 0 0 0 0 0 0 0 0 0 0 -669.83684069767691893 -667.34663985665510744 -665.45765208138917268 2.1964618511253375388
287 -666.77643828358342937 0 0 0 0 0 0 0 0 0 0 -669.83684069767691893 -667.34663985665510744 -665.45765208138917268 2.1964618511253375388
288 -666.77643828358342937 0 0 0 0 0 0 0 0 0 0 -669.83684069767691893 -667.34663985665510744 -665.45765208138917268 2.1964618511253375388
289 -666.77643828358342937 0 0 0 0 0 0 0 0 0 0 -669.83684069767691893 -667.34663985665510744 -665.45765208138917268 2.1964618511253375388
290 -666.77643828358342937 0 0 0 0 0 0 0 0 0 0 -669.83684069767691893 -667.34663985665510744 -665.45765208138917268 2.1964618511253375388
291 -666.77643828358342937 0 0 0 0 0 0 0 0 0 0 -669.83684069767691893 -667.34663985665510744 -665.45765208138917268 2.1964618511253375388
292 -666.77643828358342937 0 0 0 0 0 0 0 0 0 0 -669.83684069767691893 -667.34663985665510744 -665.45765208138917268 2.1964618511253375388
293 -666.77643828358342937 0 0 0 0 0 0 0 0 0 0 -669.83684069767691893 -667.34663985665510744 -665.45765208138917268 2.1964618511253375388
294 -666.77643828358342937 0 0 0 0 0 0 0 0 0 0 -669.83684069767691893 -667.34663985665510744 -665.45765208138917268 2.1964618511253375388
295 -666.77643828358342937 0 0 0 0 0 0 0 0 0 0 -669.83684069767691893 -667.34663985665510744 -665.45765208138917268 2.1964618511253375388
296 -666.77643828358342937 0 0 0 0 0 0 0 0 0 0 -669.83684069767691893 -667.34663985665510744 -665.45765208138917268 2.1964618511253375388
297 -666.77643828358342937 0 0 0 0 0 0 0 0 0 0 -669.83684069767691893 -667.34663985665510744 -665.45765208138917268 2.1964618511253375388
298 -666.77643828358342937 0 0 0 0 0 0 0 0 0 0 -669.83684069767691893 -667.34663985665510744 -665.45765208138917268 2.1964618511253375388
299 -666.77643828358342937 0 0 0 0 0 0 0 0 0 0 -669.83684069767691893 -667.34663985665510744 -665.45765208138917268 2.1964618511253375388
300 -666.77643828358342937 0 0 0 0 0 0 0 0 0 0 -669.83684069767691893 -667.34663985665510744 -665.45765208138917268 2.1964618511253375388
301 -666.77643828358342937 0 0 0 0 0 0 0 0 0 0 -669.83684069767691893 -667.34663985665510744 -665.45765208138917268 2.1964618511253375388
302 -666.77643828358342937 0 0 0 0 0 0 0 0 0 0 -669.83684069767691893 -667.34663985665510744 -665.45765208138917268 2.1964618511253375388
303 -666.77643828358342937 0 0 0 0 0 0 0 0 0 0 -669.83684069767691893 -667.34663985665510744 -665.45765208138917268 2.1964618511253375388
304 -666.77643828358342937 0 0 0 0 0 0 0 0 0 0 -669.83684069767691893 -667.34663985665510744 -665.45765208138917268 2.1964618511253375388
305 -666.77643828358342937 0 0 0 0 0 0 0 0 0 0 -669.83684069767691893 -667.34663985665510744 -665.45765208138917268 2.1964618511253375388
306 -666.77643828358342937 0 0 0 0 0 0 0 0 0 0 -669.83684069767691893 -667.34663985665510744 -665.45765208138917268 2.1964618511253375388
307 -666.77643828358342937 0 0 0 0 0 0 0 0 0 0 -669.83684069767691893 -667.34663985665510744 -665.45765208138917268 2.1964618511253375388
308 -666.77643828358342937 0 0 0 0 0 0 0 0 0 0 -669.83684069767691893 -667.34663985665510744 -665.45765208138917268 2.1964618511253375388
309 -666.77643828358342937 0 0 0 0 0 0 0 0 0 0 -669.83684069767691893 -667.34663985665510744 -665.45765208138917268 2.1964618511253375388
310 -666.77643828358342937 0 0 0 0 0 0 0 0 0 0 -669.83684069767691893 -667.34663985665510744 -665.45765208138917268 2.1964618511253375388
311 -666.77643828358342937 0 0 0 0 0 0 0 0 0 0 -669.83684069767691893 -667.34663985665510744 -665.45765208138917268 2.1964618511253375388
312 -666.77643828358342937 0 0 0 0 0 0 0 0 0 0 -669.83684069767691893 -667.34663985665510744 -665.45765208138917268 2.1964618511253375388
313 -666.77643828358342937 0 0 0 0 0 0 0 0 0 0 -669.83684069767691893 -667.34663985665510744 -665.45765208138917268 2.1964618511253375388
314 -666.77643828358342937 0 0 0 0 0 0 0 0 0 0 -669.83684069767691893 -667.34663985665510744 -665.45765208138917268 2.1964618511253375388
315 -666.77643828358342937 0 0 0 0 0 0 0 0 0 0 -669.83684069767691893 -667.34663985665510744 -665.45765208138917268 2.1964618511253375388
316 -666.77643828358342937 0 0 0 0 0 0 0 0 0 0 -669.83684069767691893 -667.34663985665510744 -665.45765208138917268 2.1964618511253375388
317 -666.77643828358342937 0 0 0 0 0 0 0 0 0 0 -669.83684069767691893 -667.34663985665510744 -665.45765208138917268 2.1964618511253375388
318 -666.77643828358342937 0 0 0 0 0 0 0 0 0 0 -669.83684069767691893 -667.34663985665510744 -665.45765208138917268 2.1964618511253375388
319 -666.77643828358342937 0 0 0 0 0 0 0 0 0 0 -669.83684069767691893 -667.34663985665510744 -665.45765208138917268 2.1964618511253375388
320 -666.77643828358342937 0 0 0 0 0 0 0 0 0 0 -669.83684069767691893 -667.34663985665510744 -665.45765208138917268 2.1964618511253375388
