# className CriteriaWLTMMC
# lnz -6
# beta 0.4009078729
# nActivs 3
# activ0 0.002478752177
# activ1 0.3678794412
# activ2 0.3678794412
# collect 1
# tmmc 1
# nSweep 0
# wlFlat 0
# lnf 1
# gwlmod 0.5
# mType nmol0
# mMin -0.5
# mMax 250.5
# nBin 251
# lnfCollect 1e-06
# lnfTMMC 1e-99
# wlFlatFactor 0.8
# nSweepVisPerBin 100
# macrostate(nmol0) lnPi(m) pe pe_stdev colMat(m-1) colMat(m) colMat(m+1) h peNvalues peSum1 peSum2 peBlockStdev lnPIstd
0 -247.02776102052107809 1.53017e+06 0.312139 0 2411395.0857232121082 4943.9142767878969864 2967 2416338 3697404104902.0986576 5657651005342571552.5 0 -245.10616609949067213 -246.35340682158440206 -241.54395958065162153 2.4958534767706663793
1 -239.9204692813033466 1.53015e+06 2.96886 3.1381995669507460993 1868835.6411251270443 3675.2206753059961419 5320 1872514 2865228061115.6220384 4384229886791389377.2 0.042930381902820044515 -238.01888653847644894 -239.18391327331074347 -234.47509258667927723 2.4525073946370326006
2 -233.68497016733654625 1.53013e+06 4.23913 6.8600444851975848144 1781030.9894422443676 3441.1505132704496102 4570 1784479 2730489148986.4401159 4178009936115762188.2 0.055145120119162387151 -231.92377424128050878 -232.88276563278747322 -228.14722185454993797 2.5035770174678670941
3 -227.86409944840898767 1.53011e+06 5.18198 9.8603243206764931688 1721349.8280743832267 3171.3116012961135481 4275 1724531 2638729807027.9174831 4037558614242047000.5 0.094094042511190467692 -225.91088359912735628 -226.9607630501116714 -222.5635872848335608 2.2964390618224728158
4 -222.1448303242451292 1.5301e+06 5.95847 8.8165538748214534416 1458114.4323120769651 2633.7511340482163067 3849 1460757 2235098729030.0466633 3419916063101177543.8 0.09873967073048853238 -220.36288216164957676 -221.15361607518504716 -216.74218607868171693 2.3521413953148528897
5 -216.83526960918458037 1.53008e+06 6.60084 12.621979293486680969 1413333.4901239976693 2589.8878967088448513 3589 1415936 2166492847226.3959411 3314903538839672119.8 0.15259286350069717342 -215.1253103438548071 -215.93079267231217788 -211.26173131892569534 2.4958692068095289507
6 -211.67875341344504569 1.53006e+06 7.29852 16.778251396031515689 1589213.0995667092128 2817.1221818947646285 3751 1592047 2435927305728.0006361 3727114739028615456.5 0.12057842527284449996 -209.87071651678554263 -210.87709007025268637 -206.09290788743159117 2.5223343991738804704
7 -206.76469348931319736 1.53004e+06 8.09574 21.571674432974006793 1657462.3446359662548 2803.0836896007692745 3874 1660287 2540308285735.0583456 3886777519040297031.8 0.225622150547565542 -204.93358328383997291 -205.8595806250419874 -201.29256530560667704 2.4142670358254716412
8 -201.95195072841925743 1.53002e+06 8.37888 19.044209236170582148 1385856.6689019845276 2342.2868887792993826 3506 1388218 2124006447040.4934899 3249780212621416491.8 0.20160921329280026559 -200.15209506269408068 -201.02268608795773208 -196.47077941808497092 2.4162597797597982208
9 -197.20639467732439165 1.53001e+06 8.88144 19.662548032280948026 1338777.7237425564605 2194.6137094112646555 3127 1340992 2051724699410.2586614 3139149407537079393.5 0.21077792878358631024 -195.33790961019342847 -196.35129416243171552 -191.71992851929302537 2.4346896840355141123
10 -192.69456940637314268 1.52999e+06 9.4397 22.701770746421608416 1261546.0646931011727 1970.2335361523981682 2945 1263539 1933198332737.609385 2957768453400912531.5 0.29870102299182643701 -191.00210708987260988 -191.79086141795206022 -187.07154087249822316 2.5279593413792582624
11 -188.27905977438069307 1.52997e+06 9.99013 26.618994243250090205 1410030.4781105206567 2135.9028952361021851 2959 1412193 2160611161514.1577042 3305667562053198857.8 0.43621032440255774754 -186.44617517113935223 -187.35813000269613771 -182.81590918628435594 2.4028546453680723616
12 -184.01264430851512977 1.52995e+06 10.4009 29.204565825106204186 1373960.6512117266258 2091.1442224482681707 3111 1376081 2105335855350.3925364 3221059707988712602.8 0.345280850946552198 -182.15450007595358572 -183.07823928720100259 -178.58459653881199847 2.3731248929424948457
13 -179.81935009723474117 1.52993e+06 11.0057 37.518690901337199362 1632963.8782076472335 2429.6031014514264033 3304 1635431 2502099401110.0695751 3828043747097454493.5 0.34594763892850655118 -178.03883806097443498 -178.83143405249968982 -174.36049361610324615 2.385642284120299994
14 -175.72501983582992047 1.52991e+06 11.2719 42.688109042672241652 1721528.8773279795212 2474.4345629778047462 3557 1724046 2637641887679.1799321 4035364907907005060.2 0.33644476007929741135 -173.76687735673434831 -174.83862358249568747 -170.32545198231044514 2.3579923124299821957
15 -171.71532339207744577 1.52989e+06 11.5184 51.023757812666310184 1957129.7945091257251 2721.1817330616323882 3800 1959902 2998444182449.4307749 4587304628381654561.2 0.35952394504117501928 -169.6782250084055268 -170.85742120397003607 -166.36285399766491855 2.3303548720643365577
16 -167.719710399920098 1.52988e+06 11.9682 47.909846240822505144 1873109.6694552570905 2589.4206985020856944 3933 1875747 2869661258131.5533695 4390227326459879836.5 0.25704930128021363789 -165.72359271260310054 -166.85813952462672394 -162.33143836294076356 2.3553107016487029313
17 -163.87416162929918961 1.52986e+06 12.2397 58.716873712513758563 1987091.9284229766896 2767.354703310791102 3901 1989918 3044293320440.9062612 4657338554389845618.5 0.4326630647672973784 -161.78177021262913415 -163.09693759778237354 -158.49223552791510405 2.3718482541799161822
18 -159.98150436562048959 1.52984e+06 12.7054 46.874752814880197901 1650706.4640777985664 2231.6611693865422401 3614 1652985 2528802694511.4948187 3868663701249359360.2 0.39392615520578005972 -157.90806465543941117 -159.1768463926873115 -154.60716222381706109 2.3589467057385444804
19 -156.28750982863405206 1.52982e+06 13.1376 54.636625876038006043 1624875.6347839197782 2138.7285902041799361 3197 1627069 2489125262981.9586225 3807917534703153783.5 0.45332924635297722205 -154.27947715158665476 -155.39813834976769347 -150.926481753274492 2.3270042878622754223
20 -152.49927767312640903 1.5298e+06 13.4229 44.122873832932844783 1481084.9732087307709 1806.9039174362861949 2884 1482936 2268600744652.0727527 3470513453737829392.5 0.47796852539450135344 -150.49767081009087422 -151.57405201685850404 -147.16891317156788466 2.2965362383597272
21 -148.87594832770629161 1.52979e+06 13.7355 44.265310859932485994 1359241.5172198635885 1666.2174692764882293 2576 1360952 2081964017261.7797238 3184957419161182506.5 0.50750267162778606167 -146.83057859374229581 -148.01989400384424489 -143.52077627326128129 2.3313559323221983988
22 -145.37322424132761434 1.52977e+06 14.4129 52.653698996887052533 1426301.0267770247463 1730.3195239783548939 2545 1428084 2184633874302.2311158 3341977898479661845.5 0.48421712342330730516 -143.34780730291188222 -144.47196898696584999 -140.04304735950339511 2.3021918743393938733
23 -141.86782502622851077 1.52975e+06 14.3706 51.709497045162685438 1419217.9429258653348 1662.3475770894974128 2574 1420932 2173667446161.9274473 3325162757205183803 0.34737567575500755135 -139.86017572424386701 -141.03344939314716744 -136.44940055020631098 2.3812973419419667387
24 -138.43554383787637541 1.52973e+06 14.371 49.648702944887732946 1311768.0665231507869 1531.2847739043187621 2435 1313349 2009068809447.6952586 3073331979124979670 0.21396146000029578338 -136.29349443365850236 -137.73282011278957004 -133.00467101304093864 2.4236134115568397362
25 -135.08401588759728362 1.52971e+06 14.8669 56.332899054210720014 1377526.0464311871872 1646.6206697586123493 2407 1379229 2109821235387.7162939 3227415929996686801 0.4799281441363269507 -133.07950204495281143 -134.21537729174217379 -129.65425869093986 2.3743879036159136753
26 -131.63509432581090586 1.52969e+06 15.131 49.288979044424767188 1297621.9697876464659 1421.7412333091088985 2329 1299093 1987211578068.6742741 3039820749089226499.2 0.47074228625316982821 -129.75042956505748082 -130.73189750050477376 -126.12183757897095893 2.4283949290970179291
27 -128.31544034456704573 1.52967e+06 15.5567 53.803666198546265465 1357759.0245153786967 1561.1718184227555629 2290 1359374 2079397936760.8627963 3180799235421999747.8 0.50850698470273270058 -126.56804196691681641 -127.33287498234274626 -122.74133565331945794 2.4600435010380681256
28 -124.99068888038575587 1.52966e+06 15.5482 58.05054005344033545 1403404.1754853782405 1341.7739745683110724 2239 1404804 2148865874575.1931653 3287024059862366792 0.37840076341159628592 -123.25285904430359851 -123.93688381072900218 -119.47713096037994296 2.4018537261528156712
29 -121.89011941569814645 1.52964e+06 16.0223 63.845820852521833463 1483093.058891677803 1510.0952874696978985 2198 1484667 2271001415267.4792376 3473807546549327707.5 0.52339457742131290097 -120.06766813054503773 -120.8399801302149702 -116.45473230055772751 2.3409460218730102632
30 -118.77589876774588085 1.52962e+06 16.3839 66.593156948251096695 1472583.2550656380082 1505.1517774137358915 2323 1474155 2254893885588.4947922 3449126066015933078.8 0.54459395006076460888 -116.85065599905922129 -117.72218368148540624 -113.43351549449973481 2.266755557590675263
31 -115.7165722713586522 1.5296e+06 16.485 62.442206616900171951 1302079.3385156787774 1294.2192777043220573 2200 1303436 1993735027162.5232918 3049616060164401587.8 0.53959496778908688785 -113.80709478475991903 -114.59959242359488674 -110.41958831862944157 2.2201984477057608025
32 -112.75031532099223774 1.52958e+06 16.5677 67.655350311802545597 1321839.8902396988375 1254.454409989354537 2005 1323162 2023882805529.3392556 3095691692323294357 0.58993694588104761412 -110.7385151573016846 -111.60877074048210222 -107.5696745487534165 2.125762358483389125
33 -109.88699752402988885 1.52956e+06 17.0455 74.190388527957026543 1369601.9273048616359 1296.8823066104202735 1980 1370973 2096987458523.6477906 3207471191446933121.2 0.73681953417714685095 -107.84096504797835125 -108.63561463752623315 -104.85249370300433247 1.9947611784838346072
34 -106.8920516540930894 1.52954e+06 17.1755 58.700859280981051748 1238919.529558768888 1134.7695819501301635 1899 1240113 1896805859483.635102 2901245667955358505.5 0.91471078642511749468 -104.74437554160157804 -105.71684973083879033 -101.88191631471240362 1.9935769018049798174
35 -104.04826048276144412 1.52952e+06 17.0192 70.248472212209910122 1317675.8414072070178 1218.9101205807638055 1861 1318965 2017388464322.2997712 3085643831704848850.8 0.45822860503836165824 -101.73670930487778508 -103.04107742268763748 -99.036046683423128112 2.0426790416888418456
36 -101.16015191054192179 1.52951e+06 17.9325 64.131962046425530492 1245150.9494182464953 1093.9186197070847787 1826 1246309 1906235992081.7480081 2915597703304225056.2 0.64043442287247498435 -98.954210875672111047 -100.02315662872342916 -96.165905837960811819 1.9914682049986414114
37 -98.344512375996922415 1.52949e+06 18.1837 65.046708725842846369 1236802.8087176367912 1024.1445736373511415 1651 1237892 1893338019358.0993683 2895833284368526405.2 0.9078445636624183912 -96.064143910384097058 -97.229251170454945918 -93.405242996654768373 1.9600283803123697002
38 -95.619025047088920033 1.52947e+06 18.7366 59.328463817288401339 1093599.3678410991962 924.30369508352374186 1549 1094583 1674128241547.5757769 2560523386136808189.2 0.78300844448706163892 -93.351345835205528534 -94.492769511091411982 -90.678579864998388071 1.9576588311780080964
39 -92.9173128398567858 1.52945e+06 18.3449 65.365586811605415278 1152742.9533017692872 968.68111141910649042 1518 1153777 1764641934694.5687493 2698928092803535710 1.3160648978733642256 -90.679881809438449114 -91.732272742474807115 -88.004239618245568177 1.9220136483462983978
40 -90.229324257058388881 1.52943e+06 18.7292 64.684729110478921425 1131715.8683174093522 936.44695348017176034 1515 1132717 1732410908588.0458702 2649600523912794532.5 1.209129420933035215 -87.964112545950051913 -89.063084177071489944 -85.324134205828632727 1.9216733667027650068
41 -87.593752647689521851 1.52941e+06 18.9944 68.154433158062658241 1149176.1330148075926 884.71255203434856867 1458 1150129 1759018717352.0211809 2690260699862360201 0.93460727726172299068 -85.383863776908889509 -86.378326979645892902 -82.679653028120772884 1.9140664319340285893
42 -85.080541635328708949 1.52939e+06 19.1301 70.995235843660158076 1138343.120582459349 909.88418169698908805 1437 1139324 1742471081435.7550673 2664918381527054381.2 0.82540020627961341315 -82.886768236818277433 -83.914113443708744922 -80.098089021448279023 1.9745975257272945225
43 -82.501400800270156211 1.52937e+06 19.0485 68.520720947120664024 1130412.0561974820453 850.42308157085203191 1411 1131331 1730225981280.4984095 2646159211373567927.2 0.95762721598550160085 -80.246169218488852426 -81.339181206778365163 -77.572064537010552154 1.9380694456807683324
44 -79.89639512277816813 1.52935e+06 20.2206 57.518232505736296513 1034501.0182569500042 821.4635105442512153 1345 1035380 1583460700107.5578042 2421669135219369332 1.1122054049308360835 -77.55626189962517758 -78.772945946632434766 -75.013049188087867147 1.9185530398925105811
45 -77.41659179343830921 1.52933e+06 20.4657 79.50103478339769307 1195343.0975990656061 902.40136615098340622 1380 1196325 1829577983219.1717563 2798031970643242118.5 1.3130190413373405978 -75.222046365943406432 -76.155214435015041841 -72.519254954598485252 1.8883893225709764696
46 -74.885974790629157738 1.52931e+06 20.4255 72.006589926287210272 1198184.7482866958262 841.24512337788460725 1379 1199098 1833796240194.0596454 2804448553120541138.2 1.2502929344257689426 -72.824845982181181103 -73.524083119525331154 -69.942533826487780058 1.8984270364158004618
47 -72.454623100546351466 1.52929e+06 20.464 74.128040019292649049 1200942.8197738503964 797.05218613030079139 1319 1201814 1837926426105.0960956 2810729071537121129 1.543235883865029745 -70.384139377039865781 -71.00591019837250617 -67.597770135183045337 1.8150239298946126976
48 -69.982740310919277604 1.52927e+06 20.3771 62.157341081411877793 1109799.087773155258 781.75488576332159607 1281 1110643 1698475960922.7758197 2597432829761444576.8 1.2785118338403107519 -67.957347926748234546 -68.522753528221132524 -65.089615268609255505 1.8407431652434806946
49 -67.566335204788922297 1.52925e+06 19.8824 63.985441322588081103 1021537.5823268588433 646.43223181856400411 1134 1022248 1563276543322.42661 2390646449115293211.5 1.0123183324232267744 -65.577015115370607123 -66.026561077606574668 -62.704510133203475331 1.8022855361065655
50 -65.329252501912472795 1.52924e+06 20.1935 69.157803760419058435 1026433.7433636953201 648.09883254426548016 1042 1027151 1570755449501.9263791 2402054500818495838 1.1623268472475769553 -63.398572726889050433 -63.711503552299150965 -60.484917117948375331 1.7794275637285006386
51 -63.052348297448086001 1.52922e+06 20.8867 68.482651638963994815 1060282.8244234030018 603.69292495804188114 1031 1060956 1622432959394.3255327 2481053604692453072.5 1.2750591413955651987 -61.102727169747077074 -61.327039160996294709 -58.326327752652010528 1.6714753238199642205
52 -60.987259356819786049 1.5292e+06 21.3977 69.641805196535787707 965273.80416857739414 572.55402622607564544 957 965916 1477076846559.1777314 2258743007744343318.4 0.69187077580431421975 -59.041878780467464072 -59.113171358257235011 -56.395401894340542182 1.5489347629608130053
53 -58.853435146869211181 1.52918e+06 21.3575 71.459547773428904426 1017322.4132151093268 606.12723711725044912 958 1018000 1556701149409.2174211 2380470008884764869 1.255074331641471197 -56.910541167229660164 -57.013531710961986687 -54.22454270565173351 1.5813314252783319258
54 -56.694438914124257067 1.52916e+06 21.2223 61.661943999284407135 896485.20742774862214 554.13062825209743972 944 897101 1371806785972.7720782 2097705674615695027.5 1.1884945025020849929 -54.787155937949301165 -54.850257093094258676 -52.035677312657374838 1.6070923911245289517
55 -54.527457827640725796 1.52914e+06 21.3901 60.458134219609138225 854105.15534947874772 491.38651630164138304 842 854657 1306886445472.4113144 1998406590823821984.9 1.275636931682841313 -52.620989574158408164 -52.69057590342325359 -49.861491830032198092 1.6136597509683319185
56 -52.446420629114735235 1.52912e+06 22.5055 60.042485620017471585 836285.53164390163198 432.42587047834813554 750 836778 1279531503302.0571454 1956553432687127174.9 1.3265944437092886954 -50.541813728838825615 -50.553359593310491005 -47.831905106394136507 1.5679101044248533459
57 -50.508386866131084858 1.5291e+06 22.8764 62.309222877344436039 836867.00860438970705 461.68217273294940839 736 837391 1280453656862.2017941 1957940278482520586 1.6206129611902029275 -48.538642159895339478 -48.486192036869825484 -46.0921658472971294 1.3975787848913547862
58 -48.527502571154750299 1.52908e+06 22.3788 56.903048494090710863 747753.22349138470207 372.87346012121525807 711 748183 1144030859480.7938877 1749313480424851875.2 2.0091373115155533036 -46.647251440613580531 -46.523053973120854221 -44.005721837723787981 1.4905292535304415225
59 -46.631462310575424013 1.52906e+06 22.7586 54.922551131398415471 733493.96252720409018 351.11492166450826027 619 733900 1122175571906.1315196 1715871391826989616.5 1.6497972012167798628 -44.73328050206401274 -44.629559443711544486 -42.124933117849527431 1.4768991822331007935
60 -44.823110881650913839 1.52904e+06 23.571 54.924582471895203328 699918.91854626881081 370.15687125929855431 597 700344 1070853515248.0393402 1637377133796521437.6 1.442364478419819962 -42.991322520272597263 -42.857849673924166223 -40.220142291932253098 1.5628369019016465913
61 -42.883634054197168339 1.52902e+06 23.2858 53.139528940158334756 698902.51075453875814 318.34971652108099852 585 699274 1069204767334.7379478 1634836751768936019.2 2.2744977124081704467 -41.053036292238424654 -40.964572031978919608 -38.23078224578951767 1.6045015021864934557
62 -41.167106286913147883 1.529e+06 21.9885 56.215164298568669581 686811.4547076637794 319.33012803765277851 554 687187 1050709138505.4976151 1606534602615130076.4 2.4988604141732477792 -39.280697461150389405 -39.336419427106564695 -36.475734157423166604 1.6357691506305831464
63 -39.452849233865615375 1.52898e+06 23.4858 67.529893438134571695 806465.6194345164551 373.85067204540277166 602 806907 1233745252450.0799148 1886372714950105738 2.0372314918112959248 -37.591562131869573182 -37.652198265170968239 -34.70931301901287247 1.6818447342765208141
64 -37.806329417093801126 1.52896e+06 23.7893 75.631568303938278605 846622.30200236656901 340.06642932949312622 608 847038 1295086750311.7355382 1980135119367788302.6 2.4620922744173370234 -35.847194321019508312 -36.022775159647183796 -33.135385294177031934 1.6187318629191074226
65 -36.163754587355308345 1.52894e+06 22.8794 65.161680323990870504 838439.1735279466123 361.66479172940175107 584 838866 1282576871146.6370759 1960984746990172060 2.9920782220813633145 -34.054996234016890799 -34.381360084546345957 -31.622127767232333095 1.5076872642403735814
66 -34.415976467986789444 1.52892e+06 23.0506 58.460808440531337481 778230.58501181522996 287.95417974423787735 564 778577 1190382045881.2578704 1819999069428627465.1 2.1904502864282351382 -32.3552972373604395 -32.781562989692874521 -29.67774406799715825 1.6824924648199686139
67 -32.974108983346932078 1.5289e+06 22.6424 71.834363653117386632 820916.64508154440887 318.52055480247412661 526 821307 1255695012155.0006565 1919830177871090432.4 1.4201507893561613471 -30.895842186870219326 -31.351725930549294685 -28.240268726489991646 1.6803306382931242347
68 -31.438114761908460437 1.52888e+06 24.0561 67.426443418520537014 807364.13876755593509 309.43478902554311902 533 807741 1234939347696.8768251 1888074510106030173.8 2.2273181675072906138 -29.341117027412700669 -29.913071329972867329 -26.610324387926899359 1.7650541789267548687
69 -29.966079869308211769 1.52886e+06 24.5139 74.333109848456272062 845243.54697544842787 315.11991470311946162 539 845633 1292855204323.5403761 1976595733345534400.5 2.0200411892459024799 -27.720557078715863941 -28.332626952460801317 -25.367893424494317056 1.5652103528541332356
70 -28.532701338861764739 1.52884e+06 24.9337 74.438183378978990866 837155.95914808131471 318.60266853970650847 551 837549 1280478251803.2194141 1957646124318858387.6 2.0345547464207087707 -26.346116039395405029 -27.052192801311152448 -23.74742904337042182 1.7403630843795272476
71 -27.138915521572139156 1.52882e+06 25.2572 72.453998638626107905 767213.70019333794522 316.84580802343386594 558 767603 1173526427816.0027897 1794110076639177019.1 3.0932971481626614363 -24.884330313393200118 -25.845268112971213736 -22.224725600573056905 1.8755100091795338102
72 -25.684129163860726308 1.5288e+06 23.5343 77.72468784794940859 806223.19959111865467 290.07572103338648692 528 806591 1233116875291.3996679 1885189927099065644.5 1.5490182888010644024 -23.538883446856509796 -24.2184423130677563 -20.832150327014365754 1.7914229841807545185
73 -24.288137440786877974 1.52878e+06 23.5776 65.149168572492069725 731385.16839025617253 231.68244117133394039 448 731682 1118581807905.5153961 1710067025394609965.6 1.7650882839172294947 -22.336219680149348665 -22.731753581322552304 -19.345646456878815567 1.8513822191778999127
74 -22.950473281859766317 1.52876e+06 25.0793 59.401181049356630712 714500.8141434542236 206.78467549642656163 374 714767 1092707391510.9746779 1670487646721313740.2 1.7247864807594033287 -20.819059063673301058 -21.433598570092359137 -18.139622162065724975 1.7515384424024718069
75 -21.819262656172279335 1.52874e+06 24.5544 64.305560854925752898 688651.69124206286966 211.00319708220985265 361 688927 1053188288488.8885838 1610048047610722048.4 1.7421513027656081452 -19.744363624759693199 -20.21902455766420037 -17.052398922099390344 1.7078004800235062621
76 -20.573716551709688716 1.52872e+06 25.3286 57.95677446799113958 657282.12321931677678 199.92000621523469939 356 657540 1005194583412.5945737 1536661116889306375.1 1.7021260402867044448 -18.675823996377822755 -18.824161525605633938 -15.796116477256011645 1.7070333053331139261
77 -19.358100803568229153 1.5287e+06 25.2879 62.247735027423356412 690158.13459168636894 217.61767328621185859 361 690438 1055473035413.0989694 1613502340237620156.8 1.357991393566247984 -17.368430130754682228 -17.643787475622931038 -14.636111910092770128 1.6627034629292285484
78 -18.129527858174620647 1.52868e+06 25.5546 62.158240656056445609 673493.38321957220256 183.45853977173989831 355 673739 1029931665179.0412151 1574436443837897812.4 1.3645793516765871711 -16.262114521333011385 -16.337954063032386398 -13.370710405657083353 1.691670984483813589
79 -16.945495768530273395 1.52866e+06 24.462 50.936625753546930531 611017.61313119964746 158.45024304680376624 315 611227 934357782601.05416059 1428314629639585402 2.7314835874066853982 -15.100020630058815119 -15.065161084420596649 -12.257915782842834229 1.6309200539225727766
80 -16.008996645247870916 1.52864e+06 26.4485 63.196211370460778224 621686.40090528240449 145.40288334713483472 280 621895 950654034283.27533728 1453208488843951891.1 1.6022546826200587677 -14.250193518876124177 -13.969867608774054202 -11.398139249648087112 1.5719723769641082978
81 -15.012243280271841073 1.52862e+06 25.2188 54.037547103933616599 625985.66330002279074 176.29915287327936185 284 626216 957246453167.98480701 1463266304840641467.5 2.1091319304396298762 -12.856082209052253962 -13.361682621112523361 -10.418343912696931053 1.5738192680361200448
82 -13.975919998937181177 1.5286e+06 26.1777 68.602306712193893153 686624.68567345768531 188.71201983012153375 324 686882 1049968570637.2374081 1604983097022949795.1 2.1786614631701972655 -11.646134838776014409 -12.596407762545938636 -9.2795673466906030136 1.7080735087859051369
83 -12.934739883961364981 1.52858e+06 26.819 71.044856437022774379 732239.03716880942028 166.9179747535553108 325 732477 1119650806915.2083215 1711477534191210637.9 1.5707446210721445201 -10.396091992769122658 -11.766700673999738069 -8.2613735908066607827 1.7664893986335681308
84 -12.221339888495700521 1.52856e+06 25.6551 80.584287098835028523 721489.65688542244766 146.7588274787170719 284 721717 1103187774756.7248112 1686288762375731465.5 1.5351815775690118571 -9.7262876546042709158 -11.125273755387413144 -7.4286360003475144786 1.8664358157764946444
85 -11.548117731100726147 1.52854e+06 25.8574 60.769596373341173184 585741.56396008127899 100.66644354537976423 220 585903 895577645729.31968182 1368928508233600790.1 3.0281636955064268335 -8.9188953536907935593 -10.560099754549073237 -6.792710226687991959 1.8888902797816560231
86 -10.821835911002049002 1.52852e+06 26.9013 38.243122464432342089 460039.65111369124875 88.105763844321185588 167 460166 703371758381.79331619 1075116003012687623.5 3.2606496189409863717 -8.4016009748559317138 -9.7069199323310063621 -6.0025486707630952843 1.8789037576047364908
87 -10.097823891480837588 1.5285e+06 24.88 41.896845388091253509 451233.49891263855022 87.604241973360002516 159 451363 689907136335.94916117 1054521209964886498.1 2.0164626005137891163 -7.5059689912162288472 -9.2204509542922342691 -5.2250641022513852896 2.0043740341096336621
88 -9.4815855359841041405 1.52848e+06 28.8663 43.917033747042069688 418928.8779568517526 74.20500940120555091 150 419047 640504157004.18076855 978996569086419597.31 1.0590861208883501909 -6.9329066223912083622 -8.4666846009083390756 -4.7329551447821152088 1.876743502398200647
89 -8.9351408914024350594 1.52846e+06 26.7381 34.23305052826895039 333772.92249493694084 74.844454534789887447 138 333882 510324210028.14088181 780008504263613969.69 1.1753074730682180338 -6.499307136536423446 -7.9081601156167967703 -4.0782558673276319006 1.9371165218723287449
90 -8.1396311569201404978 1.52844e+06 28.6604 37.664092374040050313 372161.72566887816342 60.610238747796201037 126 372260 568976824639.84614718 869646556415065294.44 4.8773365167957978272 -5.2847827359862766805 -7.0807040163806808097 -3.8270455209447695744 1.6297558425733948972
91 -7.6720316119340541405 1.52842e+06 27.3749 34.197252154825544514 335172.37198458179572 42.43076326337726777 96 335249 512399973775.63141662 783160376942189529.44 2.5343184769391626787 -4.7191524765156533938 -6.6117575296860896517 -3.468167105644416548 1.5826706879800063188
92 -7.4770395161653002702 1.52839e+06 25.8614 39.27996656051747501 377073.71652989138536 61.003503548094455439 95 377174 576469813245.75215906 881071987143168779.62 2.2943757661398884728 -4.8253659707991620742 -6.8896371445202949646 -2.6744994784397326804 2.1077170782081458
93 -7.1873972792751406047 1.52838e+06 26.6808 34.881601112299873063 288049.20598424142653 35.912414646273598726 88 288120 440355731541.57882783 673029190478318283.62 2.1589656811769843969 -4.1933945686825997434 -6.714462421173239659 -2.5531224166958188526 2.0961483122745749874
94 -6.9353848735745007303 1.52835e+06 27.673 24.543081187881638186 253278.77823061049266 37.678688201625187299 66 253341 387193588931.5201456 591767125569177298.81 2.6742953219025751288 -3.9932402007367717722 -6.0516549047814028883 -2.6933864369024340668 1.6933525919278009653
95 -6.4570046548044590651 1.52834e+06 26.8718 16.649018062691062242 180568.73615964462877 30.614822292679853189 62 180616 276042145947.59307665 421885471735108281.34 0 -3.7930140604864779341 -5.5632121258477146286 -2.0081803433871434628 1.777520912329306535
96 -6.0956897687014279796 1.52831e+06 32.292 16.594794435661923896 140480.63251440552619 14.772691158811894251 42 140512 214745213449.73894119 328196216125042485.91 0 -3.8663213366705737606 -5.0093568355635530454 -1.4769174599394339076 1.8024940582577531067
97 -6.1392016434073557463 1.52829e+06 34.3765 13.541699257154739064 123292.01138282799975 13.446917914845459666 26 123319 188466910731.32305595 288031661451842653.62 0 -5.6842613484822313019 -4.5325209001598826264 -1.1266780490848211649 2.3698747195251703701
98 -6.0458765666336180544 1.52826e+06 26.0804 15.02382607282018803 151224.33951204533628 18.636661881843266813 30 151258 231162238230.78381959 353277052449639014.94 0 -5.4592948173622848351 -3.8810127593241664501 -6.1139363091228822178 1.147858681538897363
99 -5.7236777266999840919 1.52825e+06 27.1569 11.978396138608344273 134147.60199819727141 17.419605664120026133 33 134177 205055362662.99525483 313374883699366347.25 0 -6.3948842270316039738 -2.86017868524365515 -6.1421328209954331179 1.9718540129185468945
100 -5.3150067897952428808 1.52822e+06 24.1492 9.1756894083026599163 106332.48879287630578 14.33551771539122332 31 106356 162535859131.39407213 248391303830315925.61 0 -6.1134769247280691395 -2.3238753480192732015 -5.7817168323991174894 2.0987223335541584923
101 -4.8240370869311934854 1.52821e+06 25.0274 6.6538560745900625281 80642.145132227048386 9.2010116983613902033 25 80658 123262013275.97538182 188369708161889175.03 0 -5.3578638334150174849 -1.5805599296319333691 -5.8917990641537207885 2.350173556966629107
102 -4.875057299872603167 1.52819e+06 26.0007 7.6256511037698882791 63508.466864922370352 6.9074839738598041109 16 63523 97075249412.484454699 148349480522392443 0 -5.2601155416526457209 -0.78070905441112092848 -10.915295888432230864 5.0786480735339010195
103 -5.2368514670724923832 1.52818e+06 35.3183 3.5520282140732532743 22744.023487865606263 1.4244839203205278096 8 22749 34764464556.020506136 53126203196286340.117 0 -4.5638480734046074083 -3.1198534385826822701 -11.968794152074641257 4.7473167629075980756
104 -5.7804998094512232143 1.52816e+06 30.8659 1.0690642872587275028 9910.9309357127297009 1.0000000000115750916 3 9913 15148627391.389686123 23149491772094430.572 0 -9.0662653997396138728 -2.4385805151606821939 -13.051205619394286028 5.3608731733817815979
105 -6.3272630367393762896 1.52812e+06 14.6911 0.98347018111461801288 5641.0149085417193802 1.001621277166004761 2 5643 8623180248.1942215413 13177252808739751.602 0 -7.5630090279012383014 -38.124274955246962304 -38.200323024677933059 17.666549216565069713
106 -5.0235431405445840625 1.52808e+06 12.9677 0.18362005371590340499 3809.8163799462841017 3.0482690296832781729e-16 1 3810 5821996183.8368538693 8896493324685375.9043 0 -5.1217635190406203272 -63.222008082657767614 -158.85448263444127326 77.626195679319820897
107 -5.0235431405445840625 0 0 0 0 0 0 0 0 0 0 -5.1217635190406203272 -63.222008082657767614 -158.85448263444127326 77.626195679319820897
108 -5.0235431405445840625 0 0 0 0 0 0 0 0 0 0 -5.1217635190406203272 -63.222008082657767614 -158.85448263444127326 77.626195679319820897
109 -5.0235431405445840625 0 0 0 0 0 0 0 0 0 0 -5.1217635190406203272 -63.222008082657767614 -158.85448263444127326 77.626195679319820897
110 -5.0235431405445840625 0 0 0 0 0 0 0 0 0 0 -5.1217635190406203272 -63.222008082657767614 -158.85448263444127326 77.626195679319820897
111 -5.0235431405445840625 0 0 0 0 0 0 0 0 0 0 -5.1217635190406203272 -63.222008082657767614 -158.85448263444127326 77.626195679319820897
112 -5.0235431405445840625 0 0 0 0 0 0 0 0 0 0 -5.1217635190406203272 -63.222008082657767614 -158.85448263444127326 77.626195679319820897
113 -5.0235431405445840625 0 0 0 0 0 0 0 0 0 0 -5.1217635190406203272 -63.222008082657767614 -158.85448263444127326 77.626195679319820897
114 -5.0235431405445840625 0 0 0 0 0 0 0 0 0 0 -5.1217635190406203272 -63.222008082657767614 -158.85448263444127326 77.626195679319820897
115 -5.0235431405445840625 0 0 0 0 0 0 0 0 0 0 -5.1217635190406203272 -63.222008082657767614 -158.85448263444127326 77.626195679319820897
116 -5.0235431405445840625 0 0 0 0 0 0 0 0 0 0 -5.1217635190406203272 -63.222008082657767614 -158.85448263444127326 77.626195679319820897
117 -5.0235431405445840625 0 0 0 0 0 0 0 0 0 0 -5.1217635190406203272 -63.222008082657767614 -158.85448263444127326 77.626195679319820897
118 -5.0235431405445840625 0 0 0 0 0 0 0 0 0 0 -5.1217635190406203272 -63.222008082657767614 -158.85448263444127326 77.626195679319820897
119 -5.0235431405445840625 0 0 0 0 0 0 0 0 0 0 -5.1217635190406203272 -63.222008082657767614 -158.85448263444127326 77.626195679319820897
120 -5.0235431405445840625 0 0 0 0 0 0 0 0 0 0 -5.1217635190406203272 -63.222008082657767614 -158.85448263444127326 77.626195679319820897
121 -5.0235431405445840625 0 0 0 0 0 0 0 0 0 0 -5.1217635190406203272 -63.222008082657767614 -158.85448263444127326 77.626195679319820897
122 -5.0235431405445840625 0 0 0 0 0 0 0 0 0 0 -5.1217635190406203272 -63.222008082657767614 -158.85448263444127326 77.626195679319820897
123 -5.0235431405445840625 0 0 0 0 0 0 0 0 0 0 -5.1217635190406203272 -63.222008082657767614 -158.85448263444127326 77.626195679319820897
124 -5.0235431405445840625 0 0 0 0 0 0 0 0 0 0 -5.1217635190406203272 -63.222008082657767614 -158.85448263444127326 77.626195679319820897
125 -5.0235431405445840625 0 0 0 0 0 0 0 0 0 0 -5.1217635190406203272 -63.222008082657767614 -158.85448263444127326 77.626195679319820897
126 -5.0235431405445840625 0 0 0 0 0 0 0 0 0 0 -5.1217635190406203272 -63.222008082657767614 -158.85448263444127326 77.626195679319820897
127 -5.0235431405445840625 0 0 0 0 0 0 0 0 0 0 -5.1217635190406203272 -63.222008082657767614 -158.85448263444127326 77.626195679319820897
128 -5.0235431405445840625 0 0 0 0 0 0 0 0 0 0 -5.1217635190406203272 -63.222008082657767614 -158.85448263444127326 77.626195679319820897
129 -5.0235431405445840625 0 0 0 0 0 0 0 0 0 0 -5.1217635190406203272 -63.222008082657767614 -158.85448263444127326 77.626195679319820897
130 -5.0235431405445840625 0 0 0 0 0 0 0 0 0 0 -5.1217635190406203272 -63.222008082657767614 -158.85448263444127326 77.626195679319820897
131 -5.0235431405445840625 0 0 0 0 0 0 0 0 0 0 -5.1217635190406203272 -63.222008082657767614 -158.85448263444127326 77.626195679319820897
132 -5.0235431405445840625 0 0 0 0 0 0 0 0 0 0 -5.1217635190406203272 -63.222008082657767614 -158.85448263444127326 77.626195679319820897
133 -5.0235431405445840625 0 0 0 0 0 0 0 0 0 0 -5.1217635190406203272 -63.222008082657767614 -158.85448263444127326 77.626195679319820897
134 -5.0235431405445840625 0 0 0 0 0 0 0 0 0 0 -5.1217635190406203272 -63.222008082657767614 -158.85448263444127326 77.626195679319820897
135 -5.0235431405445840625 0 0 0 0 0 0 0 0 0 0 -5.1217635190406203272 -63.222008082657767614 -158.85448263444127326 77.626195679319820897
136 -5.0235431405445840625 0 0 0 0 0 0 0 0 0 0 -5.1217635190406203272 -63.222008082657767614 -158.85448263444127326 77.626195679319820897
137 -5.0235431405445840625 0 0 0 0 0 0 0 0 0 0 -5.1217635190406203272 -63.222008082657767614 -158.85448263444127326 77.626195679319820897
138 -5.0235431405445840625 0 0 0 0 0 0 0 0 0 0 -5.1217635190406203272 -63.222008082657767614 -158.85448263444127326 77.626195679319820897
139 -5.0235431405445840625 0 0 0 0 0 0 0 0 0 0 -5.1217635190406203272 -63.222008082657767614 -158.85448263444127326 77.626195679319820897
140 -5.0235431405445840625 0 0 0 0 0 0 0 0 0 0 -5.1217635190406203272 -63.222008082657767614 -158.85448263444127326 77.626195679319820897
141 -5.0235431405445840625 0 0 0 0 0 0 0 0 0 0 -5.1217635190406203272 -63.222008082657767614 -158.85448263444127326 77.626195679319820897
142 -5.0235431405445840625 0 0 0 0 0 0 0 0 0 0 -5.1217635190406203272 -63.222008082657767614 -158.85448263444127326 77.626195679319820897
143 -5.0235431405445840625 0 0 0 0 0 0 0 0 0 0 -5.1217635190406203272 -63.222008082657767614 -158.85448263444127326 77.626195679319820897
144 -5.0235431405445840625 0 0 0 0 0 0 0 0 0 0 -5.1217635190406203272 -63.222008082657767614 -158.85448263444127326 77.626195679319820897
145 -5.0235431405445840625 0 0 0 0 0 0 0 0 0 0 -5.1217635190406203272 -63.222008082657767614 -158.85448263444127326 77.626195679319820897
146 -5.0235431405445840625 0 0 0 0 0 0 0 0 0 0 -5.1217635190406203272 -63.222008082657767614 -158.85448263444127326 77.626195679319820897
147 -5.0235431405445840625 0 0 0 0 0 0 0 0 0 0 -5.1217635190406203272 -63.222008082657767614 -158.85448263444127326 77.626195679319820897
148 -5.0235431405445840625 0 0 0 0 0 0 0 0 0 0 -5.1217635190406203272 -63.222008082657767614 -158.85448263444127326 77.626195679319820897
149 -5.0235431405445840625 0 0 0 0 0 0 0 0 0 0 -5.1217635190406203272 -63.222008082657767614 -158.85448263444127326 77.626195679319820897
150 -5.0235431405445840625 0 0 0 0 0 0 0 0 0 0 -5.1217635190406203272 -63.222008082657767614 -158.85448263444127326 77.626195679319820897
151 -5.0235431405445840625 0 0 0 0 0 0 0 0 0 0 -5.1217635190406203272 -63.222008082657767614 -158.85448263444127326 77.626195679319820897
152 -5.0235431405445840625 0 0 0 0 0 0 0 0 0 0 -5.1217635190406203272 -63.222008082657767614 -158.85448263444127326 77.626195679319820897
153 -5.0235431405445840625 0 0 0 0 0 0 0 0 0 0 -5.1217635190406203272 -63.222008082657767614 -158.85448263444127326 77.626195679319820897
154 -5.0235431405445840625 0 0 0 0 0 0 0 0 0 0 -5.1217635190406203272 -63.222008082657767614 -158.85448263444127326 77.626195679319820897
155 -5.0235431405445840625 0 0 0 0 0 0 0 0 0 0 -5.1217635190406203272 -63.222008082657767614 -158.85448263444127326 77.626195679319820897
156 -5.0235431405445840625 0 0 0 0 0 0 0 0 0 0 -5.1217635190406203272 -63.222008082657767614 -158.85448263444127326 77.626195679319820897
157 -5.0235431405445840625 0 0 0 0 0 0 0 0 0 0 -5.1217635190406203272 -63.222008082657767614 -158.85448263444127326 77.626195679319820897
158 -5.0235431405445840625 0 0 0 0 0 0 0 0 0 0 -5.1217635190406203272 -63.222008082657767614 -158.85448263444127326 77.626195679319820897
159 -5.0235431405445840625 0 0 0 0 0 0 0 0 0 0 -5.1217635190406203272 -63.222008082657767614 -158.85448263444127326 77.626195679319820897
160 -5.0235431405445840625 0 0 0 0 0 0 0 0 0 0 -5.1217635190406203272 -63.222008082657767614 -158.85448263444127326 77.626195679319820897
161 -5.0235431405445840625 0 0 0 0 0 0 0 0 0 0 -5.1217635190406203272 -63.222008082657767614 -158.85448263444127326 77.626195679319820897
162 -5.0235431405445840625 0 0 0 0 0 0 0 0 0 0 -5.1217635190406203272 -63.222008082657767614 -158.85448263444127326 77.626195679319820897
163 -5.0235431405445840625 0 0 0 0 0 0 0 0 0 0 -5.1217635190406203272 -63.222008082657767614 -158.85448263444127326 77.626195679319820897
164 -5.0235431405445840625 0 0 0 0 0 0 0 0 0 0 -5.1217635190406203272 -63.222008082657767614 -158.85448263444127326 77.626195679319820897
165 -5.0235431405445840625 0 0 0 0 0 0 0 0 0 0 -5.1217635190406203272 -63.222008082657767614 -158.85448263444127326 77.626195679319820897
166 -5.0235431405445840625 0 0 0 0 0 0 0 0 0 0 -5.1217635190406203272 -63.222008082657767614 -158.85448263444127326 77.626195679319820897
167 -5.0235431405445840625 0 0 0 0 0 0 0 0 0 0 -5.1217635190406203272 -63.222008082657767614 -158.85448263444127326 77.626195679319820897
168 -5.0235431405445840625 0 0 0 0 0 0 0 0 0 0 -5.1217635190406203272 -63.222008082657767614 -158.85448263444127326 77.626195679319820897
169 -5.0235431405445840625 0 0 0 0 0 0 0 0 0 0 -5.1217635190406203272 -63.222008082657767614 -158.85448263444127326 77.626195679319820897
170 -5.0235431405445840625 0 0 0 0 0 0 0 0 0 0 -5.1217635190406203272 -63.222008082657767614 -158.85448263444127326 77.626195679319820897
171 -5.0235431405445840625 0 0 0 0 0 0 0 0 0 0 -5.1217635190406203272 -63.222008082657767614 -158.85448263444127326 77.626195679319820897
172 -5.0235431405445840625 0 0 0 0 0 0 0 0 0 0 -5.1217635190406203272 -63.222008082657767614 -158.85448263444127326 77.626195679319820897
173 -5.0235431405445840625 0 0 0 0 0 0 0 0 0 0 -5.1217635190406203272 -63.222008082657767614 -158.85448263444127326 77.626195679319820897
174 -5.0235431405445840625 0 0 0 0 0 0 0 0 0 0 -5.1217635190406203272 -63.222008082657767614 -158.85448263444127326 77.626195679319820897
175 -5.0235431405445840625 0 0 0 0 0 0 0 0 0 0 -5.1217635190406203272 -63.222008082657767614 -158.85448263444127326 77.626195679319820897
176 -5.0235431405445840625 0 0 0 0 0 0 0 0 0 0 -5.1217635190406203272 -63.222008082657767614 -158.85448263444127326 77.626195679319820897
177 -5.0235431405445840625 0 0 0 0 0 0 0 0 0 0 -5.1217635190406203272 -63.222008082657767614 -158.85448263444127326 77.626195679319820897
178 -5.0235431405445840625 0 0 0 0 0 0 0 0 0 0 -5.1217635190406203272 -63.222008082657767614 -158.85448263444127326 77.626195679319820897
179 -5.0235431405445840625 0 0 0 0 0 0 0 0 0 0 -5.1217635190406203272 -63.222008082657767614 -158.85448263444127326 77.626195679319820897
180 -5.0235431405445840625 0 0 0 0 0 0 0 0 0 0 -5.1217635190406203272 -63.222008082657767614 -158.85448263444127326 77.626195679319820897
181 -5.0235431405445840625 0 0 0 0 0 0 0 0 0 0 -5.1217635190406203272 -63.222008082657767614 -158.85448263444127326 77.626195679319820897
182 -5.0235431405445840625 0 0 0 0 0 0 0 0 0 0 -5.1217635190406203272 -63.222008082657767614 -158.85448263444127326 77.626195679319820897
183 -5.0235431405445840625 0 0 0 0 0 0 0 0 0 0 -5.1217635190406203272 -63.222008082657767614 -158.85448263444127326 77.626195679319820897
184 -5.0235431405445840625 0 0 0 0 0 0 0 0 0 0 -5.1217635190406203272 -63.222008082657767614 -158.85448263444127326 77.626195679319820897
185 -5.0235431405445840625 0 0 0 0 0 0 0 0 0 0 -5.1217635190406203272 -63.222008082657767614 -158.85448263444127326 77.626195679319820897
186 -5.0235431405445840625 0 0 0 0 0 0 0 0 0 0 -5.1217635190406203272 -63.222008082657767614 -158.85448263444127326 77.626195679319820897
187 -5.0235431405445840625 0 0 0 0 0 0 0 0 0 0 -5.1217635190406203272 -63.222008082657767614 -158.85448263444127326 77.626195679319820897
188 -5.0235431405445840625 0 0 0 0 0 0 0 0 0 0 -5.1217635190406203272 -63.222008082657767614 -158.85448263444127326 77.626195679319820897
189 -5.0235431405445840625 0 0 0 0 0 0 0 0 0 0 -5.1217635190406203272 -63.222008082657767614 -158.85448263444127326 77.626195679319820897
190 -5.0235431405445840625 0 0 0 0 0 0 0 0 0 0 -5.1217635190406203272 -63.222008082657767614 -158.85448263444127326 77.626195679319820897
191 -5.0235431405445840625 0 0 0 0 0 0 0 0 0 0 -5.1217635190406203272 -63.222008082657767614 -158.85448263444127326 77.626195679319820897
192 -5.0235431405445840625 0 0 0 0 0 0 0 0 0 0 -5.1217635190406203272 -63.222008082657767614 -158.85448263444127326 77.626195679319820897
193 -5.0235431405445840625 0 0 0 0 0 0 0 0 0 0 -5.1217635190406203272 -63.222008082657767614 -158.85448263444127326 77.626195679319820897
194 -5.0235431405445840625 0 0 0 0 0 0 0 0 0 0 -5.1217635190406203272 -63.222008082657767614 -158.85448263444127326 77.626195679319820897
195 -5.0235431405445840625 0 0 0 0 0 0 0 0 0 0 -5.1217635190406203272 -63.222008082657767614 -158.85448263444127326 77.626195679319820897
196 -5.0235431405445840625 0 0 0 0 0 0 0 0 0 0 -5.1217635190406203272 -63.222008082657767614 -158.85448263444127326 77.626195679319820897
197 -5.0235431405445840625 0 0 0 0 0 0 0 0 0 0 -5.1217635190406203272 -63.222008082657767614 -158.85448263444127326 77.626195679319820897
198 -5.0235431405445840625 0 0 0 0 0 0 0 0 0 0 -5.1217635190406203272 -63.222008082657767614 -158.85448263444127326 77.626195679319820897
199 -5.0235431405445840625 0 0 0 0 0 0 0 0 0 0 -5.1217635190406203272 -63.222008082657767614 -158.85448263444127326 77.626195679319820897
200 -5.0235431405445840625 0 0 0 0 0 0 0 0 0 0 -5.1217635190406203272 -63.222008082657767614 -158.85448263444127326 77.626195679319820897
201 -5.0235431405445840625 0 0 0 0 0 0 0 0 0 0 -5.1217635190406203272 -63.222008082657767614 -158.85448263444127326 77.626195679319820897
202 -5.0235431405445840625 0 0 0 0 0 0 0 0 0 0 -5.1217635190406203272 -63.222008082657767614 -158.85448263444127326 77.626195679319820897
203 -5.0235431405445840625 0 0 0 0 0 0 0 0 0 0 -5.1217635190406203272 -63.222008082657767614 -158.85448263444127326 77.626195679319820897
204 -5.0235431405445840625 0 0 0 0 0 0 0 0 0 0 -5.1217635190406203272 -63.222008082657767614 -158.85448263444127326 77.626195679319820897
205 -5.0235431405445840625 0 0 0 0 0 0 0 0 0 0 -5.1217635190406203272 -63.222008082657767614 -158.85448263444127326 77.626195679319820897
206 -5.0235431405445840625 0 0 0 0 0 0 0 0 0 0 -5.1217635190406203272 -63.222008082657767614 -158.85448263444127326 77.626195679319820897
207 -5.0235431405445840625 0 0 0 0 0 0 0 0 0 0 -5.1217635190406203272 -63.222008082657767614 -158.85448263444127326 77.626195679319820897
208 -5.0235431405445840625 0 0 0 0 0 0 0 0 0 0 -5.1217635190406203272 -63.222008082657767614 -158.85448263444127326 77.626195679319820897
209 -5.0235431405445840625 0 0 0 0 0 0 0 0 0 0 -5.1217635190406203272 -63.222008082657767614 -158.85448263444127326 77.626195679319820897
210 -5.0235431405445840625 0 0 0 0 0 0 0 0 0 0 -5.1217635190406203272 -63.222008082657767614 -158.85448263444127326 77.626195679319820897
211 -5.0235431405445840625 0 0 0 0 0 0 0 0 0 0 -5.1217635190406203272 -63.222008082657767614 -158.85448263444127326 77.626195679319820897
212 -5.0235431405445840625 0 0 0 0 0 0 0 0 0 0 -5.1217635190406203272 -63.222008082657767614 -158.85448263444127326 77.626195679319820897
213 -5.0235431405445840625 0 0 0 0 0 0 0 0 0 0 -5.1217635190406203272 -63.222008082657767614 -158.85448263444127326 77.626195679319820897
214 -5.0235431405445840625 0 0 0 0 0 0 0 0 0 0 -5.1217635190406203272 -63.222008082657767614 -158.85448263444127326 77.626195679319820897
215 -5.0235431405445840625 0 0 0 0 0 0 0 0 0 0 -5.1217635190406203272 -63.222008082657767614 -158.85448263444127326 77.626195679319820897
216 -5.0235431405445840625 0 0 0 0 0 0 0 0 0 0 -5.1217635190406203272 -63.222008082657767614 -158.85448263444127326 77.626195679319820897
217 -5.0235431405445840625 0 0 0 0 0 0 0 0 0 0 -5.1217635190406203272 -63.222008082657767614 -158.85448263444127326 77.626195679319820897
218 -5.0235431405445840625 0 0 0 0 0 0 0 0 0 0 -5.1217635190406203272 -63.222008082657767614 -158.85448263444127326 77.626195679319820897
219 -5.0235431405445840625 0 0 0 0 0 0 0 0 0 0 -5.1217635190406203272 -63.222008082657767614 -158.85448263444127326 77.626195679319820897
220 -5.0235431405445840625 0 0 0 0 0 0 0 0 0 0 -5.1217635190406203272 -63.222008082657767614 -158.85448263444127326 77.626195679319820897
221 -5.0235431405445840625 0 0 0 0 0 0 0 0 0 0 -5.1217635190406203272 -63.222008082657767614 -158.85448263444127326 77.626195679319820897
222 -5.0235431405445840625 0 0 0 0 0 0 0 0 0 0 -5.1217635190406203272 -63.222008082657767614 -158.85448263444127326 77.626195679319820897
223 -5.0235431405445840625 0 0 0 0 0 0 0 0 0 0 -5.1217635190406203272 -63.222008082657767614 -158.85448263444127326 77.626195679319820897
224 -5.0235431405445840625 0 0 0 0 0 0 0 0 0 0 -5.1217635190406203272 -63.222008082657767614 -158.85448263444127326 77.626195679319820897
225 -5.0235431405445840625 0 0 0 0 0 0 0 0 0 0 -5.1217635190406203272 -63.222008082657767614 -158.85448263444127326 77.626195679319820897
226 -5.0235431405445840625 0 0 0 0 0 0 0 0 0 0 -5.1217635190406203272 -63.222008082657767614 -158.85448263444127326 77.626195679319820897
227 -5.0235431405445840625 0 0 0 0 0 0 0 0 0 0 -5.1217635190406203272 -63.222008082657767614 -158.85448263444127326 77.626195679319820897
228 -5.0235431405445840625 0 0 0 0 0 0 0 0 0 0 -5.1217635190406203272 -63.222008082657767614 -158.85448263444127326 77.626195679319820897
229 -5.0235431405445840625 0 0 0 0 0 0 0 0 0 0 -5.1217635190406203272 -63.222008082657767614 -158.85448263444127326 77.626195679319820897
230 -5.0235431405445840625 0 0 0 0 0 0 0 0 0 0 -5.1217635190406203272 -63.222008082657767614 -158.85448263444127326 77.626195679319820897
231 -5.0235431405445840625 0 0 0 0 0 0 0 0 0 0 -5.1217635190406203272 -63.222008082657767614 -158.85448263444127326 77.626195679319820897
232 -5.0235431405445840625 0 0 0 0 0 0 0 0 0 0 -5.1217635190406203272 -63.222008082657767614 -158.85448263444127326 77.626195679319820897
233 -5.0235431405445840625 0 0 0 0 0 0 0 0 0 0 -5.1217635190406203272 -63.222008082657767614 -158.85448263444127326 77.626195679319820897
234 -5.0235431405445840625 0 0 0 0 0 0 0 0 0 0 -5.1217635190406203272 -63.222008082657767614 -158.85448263444127326 77.626195679319820897
235 -5.0235431405445840625 0 0 0 0 0 0 0 0 0 0 -5.1217635190406203272 -63.222008082657767614 -158.85448263444127326 77.626195679319820897
236 -5.0235431405445840625 0 0 0 0 0 0 0 0 0 0 -5.1217635190406203272 -63.222008082657767614 -158.85448263444127326 77.626195679319820897
237 -5.0235431405445840625 0 0 0 0 0 0 0 0 0 0 -5.1217635190406203272 -63.222008082657767614 -158.85448263444127326 77.626195679319820897
238 -5.0235431405445840625 0 0 0 0 0 0 0 0 0 0 -5.1217635190406203272 -63.222008082657767614 -158.85448263444127326 77.626195679319820897
239 -5.0235431405445840625 0 0 0 0 0 0 0 0 0 0 -5.1217635190406203272 -63.222008082657767614 -158.85448263444127326 77.626195679319820897
240 -5.0235431405445840625 0 0 0 0 0 0 0 0 0 0 -5.1217635190406203272 -63.222008082657767614 -158.85448263444127326 77.626195679319820897
241 -5.0235431405445840625 0 0 0 0 0 0 0 0 0 0 -5.1217635190406203272 -63.222008082657767614 -158.85448263444127326 77.626195679319820897
242 -5.0235431405445840625 0 0 0 0 0 0 0 0 0 0 -5.1217635190406203272 -63.222008082657767614 -158.85448263444127326 77.626195679319820897
243 -5.0235431405445840625 0 0 0 0 0 0 0 0 0 0 -5.1217635190406203272 -63.222008082657767614 -158.85448263444127326 77.626195679319820897
244 -5.0235431405445840625 0 0 0 0 0 0 0 0 0 0 -5.1217635190406203272 -63.222008082657767614 -158.85448263444127326 77.626195679319820897
245 -5.0235431405445840625 0 0 0 0 0 0 0 0 0 0 -5.1217635190406203272 -63.222008082657767614 -158.85448263444127326 77.626195679319820897
246 -5.0235431405445840625 0 0 0 0 0 0 0 0 0 0 -5.1217635190406203272 -63.222008082657767614 -158.85448263444127326 77.626195679319820897
247 -5.0235431405445840625 0 0 0 0 0 0 0 0 0 0 -5.1217635190406203272 -63.222008082657767614 -158.85448263444127326 77.626195679319820897
248 -5.0235431405445840625 0 0 0 0 0 0 0 0 0 0 -5.1217635190406203272 -63.222008082657767614 -158.85448263444127326 77.626195679319820897
249 -5.0235431405445840625 0 0 0 0 0 0 0 0 0 0 -5.1217635190406203272 -63.222008082657767614 -158.85448263444127326 77.626195679319820897
250 -5.0235431405445840625 0 0 0 0 0 0 0 0 0 0 -5.1217635190406203272 -63.222008082657767614 -158.85448263444127326 77.626195679319820897
