# id 0
# dimen 3
# l0 30
# l1 30
# l2 30
# cellAtomCut 1
# naddmolinits 1
# addmolinittype0 /work/06037/tg853369/stampede2/feasst/src//../forcefield/data.trappe_parameters_50
# moltype0 /work/06037/tg853369/stampede2/feasst/src//../forcefield/data.trappe_parameters_50
# nmoloft0 41
# nMolTypes 1
# nClusterTypes 0
12.768786713321253 -3.1498382474286495 -10.913585578729048 
2.3991549999999999 -0.02826 -0.079310000000000005 
-0.26479885866832753 0.77006325073351733 0.57130363027294262 -0.10245153173396707 
2.8055995164973586 -0.32291302479164208 5.295026355963997 
2.3991549999999999 -0.02826 -0.079310000000000005 
-0.34145927699761897 0.89136236779634137 -0.29674411136867518 0.028663980825741245 
-1.021942253781053 8.8139656669737327 0.92273787020025 
2.3991549999999999 -0.02826 -0.079310000000000005 
0.65661961610611508 -0.6230390554054025 -0.024775949299785643 0.42433379257430853 
-3.4504198003004918 -13.722340674621972 1.6270622915017805 
2.3991549999999999 -0.02826 -0.079310000000000005 
0.10683908772917226 -0.06189539627317394 0.72993126323536484 -0.67227577689889251 
-12.477880290872267 -0.65156731729561224 -7.1558604955072544 
2.3991549999999999 -0.02826 -0.079310000000000005 
0.3933392031639123 -0.60973415210746618 0.68682592858087177 -0.042174386032177019 
9.2902489246152538 6.186466780461374 12.386207208636739 
2.3991549999999999 -0.02826 -0.079310000000000005 
0.0080613868027975145 0.84719840991924567 -0.5080794458939184 -0.15506497003916195 
10.676437485296296 -0.20387951185376374 -14.791465785899872 
2.3991549999999999 -0.02826 -0.079310000000000005 
0.76899637624195605 -0.51402308927757723 -0.29435790773325238 0.24037108638764759 
-7.1952518836136328 1.77327870560603 -10.8245682719268 
2.3991549999999999 -0.02826 -0.079310000000000005 
0.60647419851163975 -0.24329815367495727 0.75243490197772234 -0.082684782419720201 
-8.1063762771898773 -10.976014183671111 -9.7572604375915759 
2.3991549999999999 -0.02826 -0.079310000000000005 
0.77387815331864318 -0.57432700098078848 0.072317612522045702 0.25696548927755097 
-12.555585337157412 1.8848261071300485 1.4727424608734523 
2.3991549999999999 -0.02826 -0.079310000000000005 
-0.81982600511507298 0.14716752209107772 -0.44055470212202796 -0.33487101429774985 
2.0600933144034697 -11.005828943021694 8.3303990492884452 
2.3991549999999999 -0.02826 -0.079310000000000005 
-0.31731264349782323 0.47971653626542748 -0.7849839891851329 -0.23018442135148739 
8.138094007479296 7.6314020321907865 -5.8982904345863529 
2.3991549999999999 -0.02826 -0.079310000000000005 
0.8453524604118241 0.45419678593373658 -0.036963974376263066 -0.27877977315696667 
3.2849013058357004 14.665123683440259 8.5040784538602985 
2.3991549999999999 -0.02826 -0.079310000000000005 
-0.65346548651120007 0.74232847380984113 0.14769179668246049 0.010882467667745177 
-7.0924142814764917 -2.2440421851775141 7.5174288214578082 
2.3991549999999999 -0.02826 -0.079310000000000005 
-0.77892066120003822 -0.39844321872660804 0.12469382444695296 0.46794984255929406 
7.5744793729984314 10.88210161794508 -14.716541646271507 
2.3991549999999999 -0.02826 -0.079310000000000005 
0.10648993673699102 -0.76008440459603388 -0.34104122197840309 0.54279137444797498 
12.909548990545167 11.98957037531698 -12.065953264537249 
2.3991549999999999 -0.02826 -0.079310000000000005 
0.60348872959186106 0.32076006995634093 -0.041106943286955522 0.72885152808429221 
-9.6149315715807031 -1.2236385446913718 10.856385554317811 
2.3991549999999999 -0.02826 -0.079310000000000005 
-0.24001284669037207 0.033126491475248876 -0.47332351311033666 -0.84691281778174388 
-4.6411656296922752 -3.2355901478712905 -6.1819660006346693 
2.3991549999999999 -0.02826 -0.079310000000000005 
0.62854411116978715 -0.52282588420187426 -0.026449039066678941 0.57522677567613278 
9.0179283125119252 -5.7297178760205876 8.4553221118294744 
2.3991549999999999 -0.02826 -0.079310000000000005 
-0.38361894241906286 -0.59225896517801424 -0.58420713300301175 0.40095866486702703 
-4.9242445679818738 -8.9720159335082084 -1.0692013331532784 
2.3991549999999999 -0.02826 -0.079310000000000005 
-0.097057975376465974 0.43571699524762603 0.59322619846344138 -0.66993516620999616 
1.7667593393074745 1.8795785232257201 0.95632377643289113 
2.3991549999999999 -0.02826 -0.079310000000000005 
-0.68477329808145049 -0.057624762381749225 0.29911806736104796 0.66203723367594025 
14.549147012436645 5.5098800501872498 -0.65186435923175523 
2.3991549999999999 -0.02826 -0.079310000000000005 
0.49821353789257877 -0.62346514268523945 0.58707113121715482 0.13572757055382689 
13.745225905395955 8.1009106863899873 -4.437394366331743 
2.3991549999999999 -0.02826 -0.079310000000000005 
0.095387531012785562 -0.10078016166978465 -0.79855803699606387 0.58570439599689705 
5.0298254952721448 1.0705557006377888 -5.3290413393029059 
2.3991549999999999 -0.02826 -0.079310000000000005 
-0.60071724475763122 -0.78274884797253197 0.14770087943746502 0.068025605928017222 
11.574977253718583 -10.910051667933296 0.35307622805458228 
2.3991549999999999 -0.02826 -0.079310000000000005 
-0.64961837138810485 0.0684417585030071 -0.55981755040300751 0.50981958329281385 
8.4305106973948707 2.0634132268036107 12.920072003025803 
2.3991549999999999 -0.02826 -0.079310000000000005 
0.44458241549801186 0.098425226662742074 -0.88846941862160811 0.057280387223924256 
-12.51648292861603 4.0216944412884414 -8.6048621673767869 
2.3991549999999999 -0.02826 -0.079310000000000005 
0.51873048254478737 -0.22595721619564441 -0.79138132806158856 -0.23146839206129921 
4.2458553556524077 -8.8278288490326098 -3.3666513558623818 
2.3991549999999999 -0.02826 -0.079310000000000005 
-0.43491586232331236 0.65546843133908728 0.019211854187091326 0.61712254283581292 
6.4098555844938065 8.3169735264892708 -2.4791806226265707 
2.3991549999999999 -0.02826 -0.079310000000000005 
0.59159574660279246 -0.32461228074504012 -0.49270647390399136 -0.54943759460386676 
-8.935342794468939 -2.7217056381368505 -1.8948111587917009 
2.3991549999999999 -0.02826 -0.079310000000000005 
-0.85331445693903785 -0.42782851544687844 0.29797470431653783 -0.0053173806358763447 
-4.5510595312322693 12.705181096614325 -13.135971934699818 
2.3991549999999999 -0.02826 -0.079310000000000005 
0.32288658000159431 0.81862649190304937 0.46396611241299157 -0.10163842650177174 
-8.3244853246060977 -13.880137677872586 9.7899897375178107 
2.3991549999999999 -0.02826 -0.079310000000000005 
-0.26365190537646843 -0.88249928714932058 -0.20082913389077178 0.33369198365106284 
2.2179293249726912 -13.539160604121685 14.909591944332513 
2.3991549999999999 -0.02826 -0.079310000000000005 
0.31224767980676138 -0.93244631786460885 0.12873976914033311 0.12834065060502384 
9.3424847089699643 -8.9579151507068371 -4.0680308167078492 
2.3991549999999999 -0.02826 -0.079310000000000005 
-0.010429715330818786 0.58030338461935549 -0.19939618754326649 0.78954440231734213 
2.251792131889963 -14.033677018450334 -2.9239102675712605 
2.3991549999999999 -0.02826 -0.079310000000000005 
-0.40955434039514527 0.049301288554751022 0.29494274084098215 0.86188363764231413 
12.954557902661257 -2.8972519267093575 9.5392023254265403 
2.3991549999999999 -0.02826 -0.079310000000000005 
0.29043741740098206 -0.058273107778358146 -0.11623555553520294 0.94801880103335634 
-12.623786368845758 13.184979615788665 -13.721513445465067 
2.3991549999999999 -0.02826 -0.079310000000000005 
-0.51976900270818194 -0.12324065571001963 0.34933499340677349 0.76981620337934942 
-0.84623103837502711 -3.0018121778866971 11.292633729254092 
2.3991549999999999 -0.02826 -0.079310000000000005 
0.44403106945754656 0.69369279763204561 -0.49348081345628209 -0.27946985279335501 
-4.0666141085509064 -7.7706520628276685 7.2161362161784259 
2.3991549999999999 -0.02826 -0.079310000000000005 
-0.56076731556830017 -0.13760080078478609 0.35137748793772866 -0.73698025644129683 
-4.6424536757298807 4.5631365253374483 -12.316096514070884 
2.3991549999999999 -0.02826 -0.079310000000000005 
-0.47986056468592664 0.78338143321538189 0.066062290583608477 -0.38946520039095234 
2.7978806621348715 10.708973435836958 4.1653653177247856 
2.3991549999999999 -0.02826 -0.079310000000000005 
0.089029589447493507 0.88081331860319878 -0.33390571664886082 0.32364888747412862 
